STAMINA
=====
Version: 1.1

PRISM
=====

Version: 4.5
Date: Mon May 25 00:35:55 MDT 2020
Hostname: el176-deeplearning
Memory limits: cudd=1g, java(heap)=120g

Type:        CTMC
Modules:     YFP_protein BetI_protein PhlF_protein HlyIIR_protein AmtR_protein Circuit10_10_AmtR_module_sub__pBAD Circuit10_10_AmtR_module_sub__pHlyIIR Circuit10_10_PhIF_module_sub__pAmtR Circuit10_10_PhIF_module_sub__pTac Circuit10_10_BetI_module_sub__pHlyIIR Circuit10_10_BetI_module_sub__pTet Circuit10_10_YFP_module_sub__pBetI Circuit10_10_YFP_module_sub__pPhlF Circuit10_10_HIyIIR_module_sub__pTet Circuit10_10_HIyIIR_module_sub__pBAD reaction_rates 
Variables:   YFP_protein BetI_protein PhlF_protein HlyIIR_protein AmtR_protein Circuit10_10_AmtR_module_sub__pBAD Circuit10_10_AmtR_module_sub__pHlyIIR Circuit10_10_PhIF_module_sub__pAmtR Circuit10_10_PhIF_module_sub__pTac Circuit10_10_BetI_module_sub__pHlyIIR Circuit10_10_BetI_module_sub__pTet Circuit10_10_YFP_module_sub__pBetI Circuit10_10_YFP_module_sub__pPhlF Circuit10_10_HIyIIR_module_sub__pTet Circuit10_10_HIyIIR_module_sub__pBAD 

Generator:   stamina.InfCTMCModelGenerator
Type:        CTMC

========================================================================
Approximation<1> : kappa = 1.0E-30
========================================================================

---------------------------------------------------------------------

Building model...

Warning: Model contains one or more unbounded variables: model construction may not terminate

Computing reachable states...
Warning: Infinite State system: Reachability analysis based on reachabilityThreshold=1.0E-30
 115430 203310 290356 365415 433036 502082 569388 622489 677650 730582 783242 837573 891233 944162 996092 1047085 1095981 1142082 1191549 1236880 1282956 1330547 1373682 1418102 1461662 1505281 1547932 1586192 1630131 1671826 1711244 1753784 1795562 1833096 1873362 1915141 1952840 1991557 2031381 2069818 2108691 2146926 2185847 2222182 2261862 2299731 2334083 2372080 2410992 2446791 2484152 2522023 2560096 2596606 2634011 2671101 2706502 2744687 2782470 2816722 2853348 2890052 2928380 2962686 2998979 3036070 3073284 3110049 3145730 3179954 3217638 3255535 3292928 3329446 3363768 3398248 3433156 3466609 3503320 3541458 3579523 3617339 3654748 3689367 3727559 3765418 3802852 3841650 3877886 3916284 3954270 3990675 4030048 4068741 4108379 4148584 4189147 4226785 4267658 4308870 4346829 4388681 4430298 4472921 4515449 4555637 4599663 4643655 4685678 4730072 4776839 4823346 4869840 4919309 4970757 5018496 5072050 5126184 5169970 5172337 5174503 5176632 5178734 5180876 5182836 5184809 5186713 5188728 5190593 5192530 5194551 5196356 5198375 5200402 5202455 5204416 5206514 5208654 5210686 5212786 5214849 5216878 5218865 5220717 5222752 5224903 5226981 5228992 5230987 5232903 5234972 5236979 5238956 5241007 5242996 5245061 5247189 5249324 5251461 5253696 5256016 5258318 5260541 5262790 5265069 5267309 5269505 5271780 5274082 5276443 5278762 5281117 5283528 5285955 5288269 5290520 5292681 5294634 5296683 5298523 5300342 5302241 5304133 5305977 5307778 5309512 5311356 5313251 5315052 5316942 5318938 5320857 5322845 5324825 5326755 5328651 5330569 5332384 5334250 5336058 5337892 5339682 5341553 5343333 5345178 5347070 5348921 5350836 5352717 5354700 5356570 5358619 5360636 5362622 5364555 5366541 5368465 5370439 5372387 5374240 5376188 5378189 5380152 5382161 5384174 5386257 5388262 5390286 5392343 5394278 5396309 5398196 5400257 5402121 5404055 5406096 5407963 5409976 5412035 5414121 5416205 5418222 5420095 5422103 5424060 5426030 5427993 5429946 5432017 5434052 5436174 5438302 5440401 5442538 5444696 5446849 5448884 5451015 5453118 5455263 5457437 5459576 5461759 5463813 5466002 5468231 5470517 5472784 5475173 5477529 5479785 5482036 5484338 5486825 5489228 5491682 5493939 5496410 5498832 5501312 5503696 5506234 5508756 5511284 5513854 5516256 5518952 5521730 5524517 5527283 5530046 5532944 5535882 5538779 5541757 5544706 5547660 5550419 5553378 5556633 5559829 5563007 5565464 5567986 5570488 5573058 5575653 5578275 5581126 5583953 5587049 5590170 5593359 5596392 5599755 5603101 5606398 5609819 5613299 5616491 5622141 5627098 5632352 5637359 5642566 5647865 5652332 5656531 5660275 5663616 5666949 5670119 5673277 5675750 5678210 5680141 5681881 5683848 5684906 5686731 5692240 5693540 5693900 5694328 5694725 5695101 5695419 5695775 5696141 5696508 5696854 5697254 5697584 5697952 5698306 5698710 5699038 5699409 5699802 5700179 5700558 5700922 5701346 5701720 5702093 5702473 5702871 5703197 5703579 5703935 5704298 5704658 5705014 5705392 5705741 5706123 5706454 5706842 5707190 5707608 5707994 5708377 5708762 5709135 5709534 5709946 5710300 5710671 5711078 5711499 5711900 5712294 5712703 5713052 5713467 5713886 5714262 5714663 5715101 5715555 5716038 5716473 5716939 5717404 5717875 5718338 5718833 5719310 5719807 5720279 5720763 5721258 5721708 5722192 5722634 5723050 5723493 5723949 5724418 5724817 5725247 5725705 5726167 5726591 5726996 5727432 5727838 5728319 5728813 5729248 5729735 5730253 5730737 5731227 5731706 5732177 5732664 5733133 5733588 5734091 5734542 5735022 5735531 5736015 5736493 5737003 5737556 5738093 5738669 5739210 5739776 5740334 5740903 5741455 5741985 5742590 5743183 5743791 5744397 5744989 5745650 5746302 5747015 5747649 5748199 5748874 5749504 5750205 5750878 5751582 5752233 5752928 5753622 5754414 5755202 5756001 5756781 5757670 5758469 5759201 5759970 5760839 5761725 5762641 5763589 5764381 5765290 5766159 5767084 5768020 5769007 5769936 5770908 5771872 5772844 5773736 5774802 5775913 5776965 5778035 5779170 5780139 5781192 5782275 5783241 5784300 5785372 5786486 5787661 5788832 5790022 5791278 5792494 5793791 5795111 5796326 5797481 5798619 5799964 5801165 5802429 5803764 5805206 5806457 5807819 5809122 5809236 5809244 5809247 5809342 5809465 5809590 5809692 5809789 5809897 5809974 5810097 5810179 5810272 5810362 5810475 5810564 5810662 5810746 5810848 5810940 5811056 5811156 5811236 5811324 5811414 5811518 5811629 5811749 5811837 5811932 5812056 5812182 5812275 5812390 5812502 5812597 5812690 5812799 5812907 5813005 5813100 5813223 5813334 5813446 5813552 5813646 5813760 5813886 5814000 5814116 5814264 5814367 5814499 5814608 5814721 5814820 5814918 5815045 5815164 5815270 5815382 5815491 5815573 5815680 5815777 5815878 5815979 5816107 5816254 5816368 5816476 5816588 5816717 5816834 5816947 5817084 5817177 5817302 5817429 5817557 5817665 5817785 5817894 5818001 5818103 5818220 5818359 5818494 5818609 5818774 5818896 5819033 5819166 5819276 5819399 5819517 5819659 5819778 5819914 5820057 5820201 5820333 5820464 5820590 5820745 5820886 5821021 5821173 5821328 5821478 5821596 5821773 5821912 5822045 5822194 5822359 5822514 5822686 5822893 5823081 5823243 5823394 5823581 5823757 5823937 5824088 5824268 5824434 5824667 5824866 5825070 5825280 5825515 5825761 5825978 5826229 5826407 5826631 5826888 5827133 5827356 5827585 5827825 5828096 5828386 5828647 5828886 5829133 5829428 5829702 5829993 5830243 5830532 5830805 5831063 5831360 5831668 5831947 5832290 5832588 5832874 5833198 5833615 5833914 5834286 5834604 5834979 5835374 5835747 5836077 5836469 5836972 5837346 5837814 5838292 5838807 5839345 5839432 5839473 5839504 5839540 5839582 5839617 5839659 5839709 5839756 5839805 5839859 5839885 5839933 5840000 5840034 5840064 5840101 5840141 5840191 5840236 5840268 5840323 5840363 5840407 5840444 5840487 5840548 5840601 5840660 5840714 5840755 5840806 5840851 5840896 5840946 5840984 5841022 5841067 5841112 5841151 5841211 5841263 5841308 5841356 5841406 5841467 5841542 5841593 5841627 5841681 5841734 5841789 5841842 5841893 5841933 5841975 5842028 5842088 5842139 5842191 5842238 5842283 5842326 5842369 5842418 5842482 5842537 5842575 5842626 5842676 5842719 5842783 5842835 5842893 5842942 5842991 5843046 5843089 5843134 5843190 5843244 5843281 5843343 5843397 5843454 5843499 5843560 5843644 5843698 5843773 5843839 5843928 5844004 5844071 5844143 5844207 5844269 5844308 5844384 5844464 5844530 5844592 5844641 5844712 5844774 5844864 5844938 5844991 5845078 5845134 5845195 5845274 5845349 5845409 5845494 5845593 5845661 5845740 5845822 5845920 5846001 5846120 5846209 5846285 5846382 5846510 5846613 5846713 5846806 5846914 5847049 5847132 5847240 5847352 5847467 5847583 5847693 5847803 5847930 5848067 5848189 5848311 5848421 5848569 5848682 5848860 5849023 5849168 5849313 5849480 5849667 5849844 5849993 5850150 5850298 5850436 5850621 5850817 5850973 5851160 5851361 5851531 5851729 5851933 5852135 5852326 5852545 5852721 5852951 5853182 5853390 5853662 5853933 5854222 5854567 5854922 5854923 5854944 5854980 5855011 5855028 5855067 5855093 5855125 5855149 5855192 5855219 5855251 5855293 5855323 5855362 5855395 5855422 5855449 5855483 5855511 5855548 5855577 5855613 5855656 5855690 5855719 5855764 5855801 5855833 5855879 5855912 5855942 5855975 5856016 5856038 5856076 5856112 5856133 5856171 5856202 5856231 5856261 5856291 5856312 5856353 5856390 5856421 5856457 5856495 5856536 5856570 5856600 5856625 5856662 5856687 5856733 5856775 5856797 5856834 5856870 5856909 5856936 5856981 5857011 5857042 5857085 5857136 5857157 5857208 5857252 5857298 5857331 5857379 5857421 5857465 5857503 5857543 5857582 5857638 5857685 5857747 5857795 5857821 5857851 5857886 5857935 5857972 5858006 5858043 5858099 5858132 5858186 5858218 5858251 5858292 5858347 5858398 5858448 5858504 5858531 5858563 5858597 5858653 5858706 5858751 5858797 5858841 5858901 5858953 5859008 5859069 5859133 5859192 5859242 5859294 5859349 5859389 5859447 5859499 5859538 5859609 5859659 5859724 5859780 5859843 5859921 5859988 5860053 5860113 5860165 5860266 5860346 5860418 5860482 5860548 5860619 5860693 5860799 5860889 5861000 5861105 5861215 5861309 5861424 5861501 5861620 5861732 5861836 5861952 5862038 5862128 5862252 5862362 5862495 5862605 5862723 5862840 5862965 5863093 5863214 5863353 5863492 5863632 5863752 5863897 5864043 5864233 5864379 5864530 5864694 5864859 5865073 5865255 5865474 5865730 5865981 5866207 5866328 5866342 5866382 5866399 5866412 5866429 5866456 5866474 5866491 5866511 5866527 5866548 5866565 5866582 5866600 5866621 5866637 5866650 5866682 5866700 5866724 5866740 5866752 5866777 5866799 5866826 5866846 5866865 5866890 5866904 5866924 5866941 5866966 5866985 5867010 5867045 5867057 5867087 5867111 5867138 5867164 5867185 5867219 5867240 5867266 5867279 5867295 5867316 5867331 5867355 5867380 5867407 5867427 5867464 5867486 5867506 5867541 5867564 5867591 5867610 5867654 5867665 5867683 5867704 5867731 5867757 5867786 5867819 5867840 5867861 5867893 5867923 5867941 5867987 5868007 5868027 5868058 5868091 5868116 5868150 5868175 5868208 5868247 5868278 5868320 5868346 5868366 5868399 5868438 5868465 5868495 5868523 5868560 5868582 5868618 5868652 5868685 5868718 5868755 5868785 5868829 5868863 5868889 5868924 5868961 5869014 5869041 5869060 5869097 5869152 5869181 5869207 5869259 5869292 5869343 5869386 5869418 5869445 5869493 5869534 5869581 5869635 5869681 5869712 5869773 5869814 5869860 5869920 5869977 5870033 5870101 5870151 5870209 5870261 5870340 5870386 5870457 5870537 5870615 5870701 5870766 5870830 5870903 5870971 5871060 5871126 5871202 5871282 5871346 5871446 5871506 5871562 5871626 5871723 5871815 5871902 5871988 5872084 5872168 5872290 5872391 5872497 5872621 5872739 5872833 5872977 5873077 5873211 5873363 5873471 5873613 5873753 5873896 5874041 5874188 5874358 5874541 5874637 5874648 5874664 5874682 5874698 5874725 5874750 5874766 5874781 5874792 5874800 5874817 5874830 5874836 5874851 5874868 5874883 5874903 5874913 5874924 5874944 5874958 5874971 5874985 5874996 5875006 5875029 5875050 5875081 5875106 5875124 5875144 5875162 5875176 5875193 5875206 5875216 5875231 5875241 5875270 5875285 5875304 5875321 5875334 5875359 5875368 5875389 5875396 5875412 5875440 5875459 5875479 5875496 5875516 5875540 5875553 5875571 5875594 5875611 5875618 5875633 5875661 5875687 5875706 5875734 5875748 5875779 5875792 5875814 5875829 5875854 5875874 5875893 5875915 5875945 5875974 5875990 5876020 5876048 5876065 5876083 5876112 5876140 5876166 5876185 5876217 5876246 5876270 5876292 5876314 5876339 5876352 5876374 5876388 5876424 5876455 5876485 5876522 5876554 5876580 5876615 5876649 5876678 5876708 5876732 5876765 5876785 5876818 5876851 5876880 5876897 5876945 5876992 5877017 5877054 5877085 5877123 5877157 5877176 5877219 5877267 5877302 5877363 5877388 5877420 5877459 5877514 5877564 5877596 5877636 5877690 5877742 5877789 5877848 5877901 5877941 5877986 5878023 5878082 5878141 5878188 5878265 5878342 5878420 5878471 5878534 5878605 5878667 5878717 5878804 5878877 5878940 5879008 5879078 5879132 5879196 5879291 5879355 5879408 5879509 5879592 5879645 5879729 5879829 5879951 5880041 5880126 5880215 5880305 5880414 5880513 5880626 5880743 5880870 5881026 5881149 5881299 5881466 5881468 5881477 5881498 5881503 5881519 5881538 5881550 5881568 5881589 5881595 5881617 5881636 5881651 5881656 5881668 5881692 5881705 5881714 5881728 5881750 5881775 5881790 5881798 5881818 5881825 5881836 5881846 5881863 5881876 5881888 5881904 5881922 5881935 5881955 5881965 5881979 5881997 5882024 5882040 5882051 5882073 5882087 5882097 5882118 5882135 5882149 5882163 5882169 5882196 5882205 5882227 5882245 5882267 5882288 5882310 5882330 5882348 5882365 5882387 5882418 5882431 5882454 5882473 5882491 5882515 5882536 5882558 5882574 5882590 5882623 5882649 5882668 5882697 5882716 5882737 5882757 5882776 5882794 5882815 5882846 5882869 5882891 5882910 5882927 5882941 5882952 5882974 5882992 5883014 5883018 5883035 5883064 5883096 5883118 5883131 5883152 5883179 5883205 5883245 5883259 5883289 5883328 5883351 5883382 5883399 5883425 5883446 5883481 5883514 5883545 5883576 5883613 5883641 5883662 5883693 5883725 5883739 5883761 5883784 5883812 5883846 5883872 5883919 5883958 5884020 5884057 5884098 5884134 5884173 5884215 5884247 5884286 5884360 5884407 5884458 5884506 5884541 5884587 5884628 5884691 5884756 5884810 5884850 5884900 5884963 5885019 5885087 5885166 5885224 5885277 5885315 5885372 5885424 5885496 5885558 5885624 5885684 5885773 5885837 5885903 5885964 5886047 5886124 5886220 5886305 5886373 5886467 5886570 5886653 5886748 5886845 5886949 5887062 5887157 5887305 5887428 5887593 5887653 5887670 5887678 5887701 5887716 5887730 5887749 5887759 5887764 5887775 5887794 5887800 5887807 5887821 5887844 5887852 5887873 5887888 5887893 5887910 5887931 5887944 5887963 5887987 5888008 5888023 5888033 5888039 5888056 5888071 5888091 5888101 5888113 5888136 5888151 5888164 5888169 5888181 5888190 5888211 5888227 5888234 5888253 5888280 5888296 5888306 5888315 5888331 5888348 5888358 5888368 5888377 5888399 5888415 5888428 5888441 5888451 5888464 5888474 5888482 5888506 5888524 5888549 5888582 5888587 5888603 5888611 5888634 5888648 5888665 5888684 5888698 5888713 5888738 5888753 5888774 5888785 5888805 5888826 5888853 5888873 5888893 5888900 5888913 5888938 5888966 5888989 5888998 5889017 5889039 5889072 5889092 5889115 5889132 5889150 5889191 5889224 5889243 5889265 5889267 5889286 5889308 5889341 5889362 5889389 5889400 5889431 5889447 5889482 5889496 5889504 5889533 5889563 5889603 5889627 5889656 5889687 5889706 5889735 5889753 5889772 5889789 5889827 5889850 5889878 5889921 5889965 5889977 5890009 5890036 5890059 5890088 5890115 5890154 5890201 5890242 5890274 5890323 5890374 5890414 5890446 5890494 5890545 5890576 5890623 5890648 5890715 5890765 5890803 5890843 5890884 5890942 5891008 5891070 5891102 5891149 5891208 5891277 5891325 5891390 5891458 5891543 5891604 5891648 5891702 5891745 5891809 5891902 5891964 5892028 5892129 5892207 5892297 5892403 5892478 5892593 5892714 5892833 5892974 5893114 5893176 states
 1 147644 293365 424601 562974 702761 846411 995194 1136418 1277352 1422823 1556630 1698686 1814455 1918681 2037117 2172528 2298165 2428057 2557439 2682226 2810406 2931330 3057976 3172107 3252565 3338143 3438813 3559768 3684240 3804952 3918942 4040513 4157919 4266718 4380676 4499431 4613588 4727607 4829795 4920905 5016474 5118460 5220879 5315990 5411346 5506366 5619905 5732515 5843789 5893176 states
Reachable states exploration and model construction done in 5526.897 secs.
Sorting reachable states list...

Time for model construction: 5533.681 seconds.

Type:        CTMC
States:      5893176 (1 initial)
Transitions: 53115310

---------------------------------------------------------------------

Verifying Prob .....

Starting transient probability computation...

Uniformisation: q.t = 1.3576633501567275 x 1000.0 = 1357.6633501567273
Fox-Glynn (1.25E-7): left = 1096, right = 1672
Transient probability computation took 1673 iters and 3286.877 seconds.

Time for model checking: 3286.956 seconds.

Result: 0.9995646899384616 (minimum bound)

Result: 1.0 (maximum bound)

========================================================================

Property: P=? [ true U[0,1000] (YFP_protein<=30) ]

ProbMin: 0.9995646899384616 (minimum bound)

ProbMax: 1.0 (maximum bound)

========================================================================
