STAMINA
=====
Version: 1.1

PRISM
=====

Version: 4.5
Date: Thu Mar 11 05:16:34 MST 2021
Hostname: el176-deeplearning
Memory limits: cudd=1g, java(heap)=120g

Type:        CTMC
Modules:     YFP_protein BM3R1_protein AmtR_protein PhlF_protein BetI_protein SrpR_protein HlyIIR_protein topModel_PhlFpart_module_sub__pAmtR topModel_PhlFpart_module_sub__pSrpR topModel_YFPpart_module_sub__pPhlF topModel_YFPpart_module_sub__pBetI topModel_Inverter1_module_sub__Inverter1_fc topModel_Inverter2_module_sub__Inverter2_fc topModel_AmtRpart_module_sub__pHlyIIR topModel_AmtRpart_module_sub__pBAD topModel_HlyIIRpart_module_sub__pBAD topModel_HlyIIRpart_module_sub__pTet topModel_BetIpart_module_sub__pHlyIIR topModel_BetIpart_module_sub__pTet reaction_rates 
Variables:   YFP_protein BM3R1_protein AmtR_protein PhlF_protein BetI_protein SrpR_protein HlyIIR_protein topModel_PhlFpart_module_sub__pAmtR topModel_PhlFpart_module_sub__pSrpR topModel_YFPpart_module_sub__pPhlF topModel_YFPpart_module_sub__pBetI topModel_Inverter1_module_sub__Inverter1_fc topModel_Inverter2_module_sub__Inverter2_fc topModel_AmtRpart_module_sub__pHlyIIR topModel_AmtRpart_module_sub__pBAD topModel_HlyIIRpart_module_sub__pBAD topModel_HlyIIRpart_module_sub__pTet topModel_BetIpart_module_sub__pHlyIIR topModel_BetIpart_module_sub__pTet 

Generator:   stamina.InfCTMCModelGenerator
Type:        CTMC

========================================================================
Approximation<1> : kappa = 1.0
========================================================================

---------------------------------------------------------------------

Building model...

Warning: Model contains one or more unbounded variables: model construction may not terminate

Computing reachable states...
Warning: Infinite State system: Reachability analysis based on reachabilityThreshold=1.0
 50617 104897 142569 206270 235614 283049 340694 369775 398127 443862 497171 549933 580247 603708 635565 667535 709559 763427 820457 874187 891551 913389 934433 963650 1001686 1042084 1090501 1141069 1194979 1257421 1302846 1319558 1339161 1361888 1385381 1415478 1443030 1479293 1515402 1552610 1592966 1637901 1685705 1734265 1790955 1854437 1896508 1911172 1928162 1947466 1968576 1988403 2014150 2038261 2069833 2096397 2131865 2162901 2200255 2230888 2275735 2313866 2359676 2398998 2446454 2497286 2546820 2602273 2657251 2701316 2710185 2723347 2738376 2753111 2771749 2787373 2808691 2826295 2850135 2872651 2896399 2919930 2945565 2975746 3004796 3029034 3062117 3096086 3119627 3151892 3191211 3221583 3264272 3301619 3339317 3381623 3416187 3463744 3513973 3562705 3613100 3671880 3738324 3760010 3767627 3778139 3791150 3802796 3818369 3832398 3850895 3867015 3886270 3904125 3922973 3946839 3964574 3985669 4009990 4034599 4059737 4077794 4111289 4138203 4159633 4188538 4219842 4248498 4272081 4305214 4337120 4370081 4398896 4435931 4471677 4500859 4538787 4577647 4608064 4646932 4689496 4726182 4771507 4807544 4861239 4905379 4948756 4999760 5059709 5116658 5119801 5125933 5133827 5144430 5153498 5167185 5177506 5193500 5205958 5219520 5237171 5251296 5264332 5285896 5302071 5318619 5331826 5358323 5376019 5395967 5409856 5439612 5459734 5481330 5499346 5523355 5551487 5571750 5600020 5617264 5645418 5672483 5699840 5724228 5744059 5777408 5807226 5835356 5859907 5882263 5920893 5953330 5985215 6008813 6041122 6075373 6114399 6139409 6170040 6210544 6245215 6273091 6301300 6347076 6381048 6427247 6467995 6511795 6553424 6596744 6641237 6693876 6749816 6819203 6825713 6829744 6835294 6840975 6850492 6859955 6869592 6877554 6891684 6903127 6912869 6928831 6939995 6951168 6969605 6983388 6997256 7010883 7029652 7047701 7061628 7078989 7090232 7115229 7133628 7148837 7169798 7183092 7205023 7227895 7248127 7268122 7285737 7300017 7324911 7346712 7370727 7393485 7413163 7430007 7456477 7485790 7506502 7530785 7553578 7571248 7594217 7627476 7650864 7677774 7703519 7723938 7745692 7775552 7803781 7832826 7862627 7882349 7901089 7936838 7967651 8003393 8029344 8055991 8085278 8115375 8152917 8178592 8211802 8241088 8277741 8309003 8338384 8380100 8419847 8448141 8485683 8530725 8567179 8616440 8649126 8689477 8730895 8778382 8817289 8866841 8923795 8936065 8939378 8943787 8949193 8955004 8960969 8969313 8976549 8985162 8995298 9003309 9010866 9026202 9035859 9046553 9052653 9069757 9080837 9092383 9102987 9111096 9131481 9145375 9156328 9169620 9179774 9188597 9212736 9228822 9240999 9254081 9266215 9277598 9297971 9318570 9331635 9345233 9361186 9376609 9389627 9408699 9430082 9447760 9464554 9482465 9501292 9513320 9526282 9545044 9569452 9591387 9610764 9630277 9644864 9660173 9676602 9694467 9724984 9746004 9764611 9782708 9803789 9824205 9842369 9856456 9886536 9912117 9933983 9960258 9982210 10003330 10024148 10039369 10071187 10096244 10122213 10151280 10178867 10196516 10217986 10252605 10281526 10313472 10343103 10368015 10390679 10415987 10449757 10479554 10515579 10541635 10565926 10595031 10628580 10664839 10696877 10722153 10750441 10786514 10825449 10857834 10885674 10925084 10962145 10991045 11015819 11056071 11099943 11133498 11173182 11217416 11254287 11298809 11342343 11386465 11437806 11494938 11523499 states
 1 120167 230372 351582 461188 573907 689032 790884 885105 983853 1089827 1193324 1300502 1402972 1514571 1624067 1714062 1796451 1902782 2006173 2108258 2214867 2313396 2419406 2525994 2629719 2730486 2828314 2929393 3040891 3138815 3227506 3332372 3416594 3498417 3585391 3661823 3743792 3836469 3934343 4031339 4125582 4223720 4319202 4421788 4521416 4613853 4713759 4808200 4898061 4993624 5097580 5197141 5287592 5383416 5482629 5575181 5666226 5759443 5858201 5941913 6021173 6100205 6185936 6272259 6364136 6457839 6552233 6652898 6749440 6838442 6931660 7023443 7116268 7203555 7300135 7401682 7488920 7576564 7669348 7758713 7845398 7937419 8037651 8131560 8218498 8305409 8394685 8481925 8572969 8669587 8757754 8843890 8929203 9017203 9105982 9201243 9290908 9375086 9461999 9545779 9629056 9704687 9777547 9851735 9925492 10002945 10093357 10180209 10259935 10334173 10414211 10491139 10566967 10644521 10733998 10814835 10900574 10980622 11047580 11125474 11198189 11277301 11356817 11441224 11523499 states
Reachable states exploration and model construction done in 1634.331 secs.
Sorting reachable states list...

Time for model construction: 1652.359 seconds.

Type:        CTMC
States:      11523499 (1 initial)
Transitions: 129118100

---------------------------------------------------------------------

Verifying Prob .....

Starting transient probability computation...

Uniformisation: q.t = 1.3396967714668369 x 1000.0 = 1339.696771466837
Fox-Glynn (1.25E-7): left = 1080, right = 1652
Transient probability computation took 1653 iters and 8244.637 seconds.

Time for model checking: 8244.747 seconds.

Result: 0.9158604056548847 (minimum bound)

Result: 0.9999999993829539 (maximum bound)

========================================================================

Property: P=? [ true U[0,1000] (YFP_protein<=30) ]

ProbMin: 0.9158604056548847 (minimum bound)

ProbMax: 0.9999999993829539 (maximum bound)

========================================================================
