STAMINA
=====
Version: 1.1

PRISM
=====

Version: 4.5
Date: Thu Mar 11 23:00:19 MST 2021
Hostname: el176-deeplearning
Memory limits: cudd=1g, java(heap)=120g

Type:        CTMC
Modules:     YFP_protein BM3R1_protein AmtR_protein PhlF_protein BetI_protein SrpR_protein HlyIIR_protein topModel_PhlFpart_module_sub__pAmtR topModel_PhlFpart_module_sub__pSrpR topModel_YFPpart_module_sub__pPhlF topModel_YFPpart_module_sub__pBetI topModel_Inverter1_module_sub__Inverter1_fc topModel_Inverter2_module_sub__Inverter2_fc topModel_AmtRpart_module_sub__pHlyIIR topModel_AmtRpart_module_sub__pBAD topModel_HlyIIRpart_module_sub__pBAD topModel_HlyIIRpart_module_sub__pTet topModel_BetIpart_module_sub__pHlyIIR topModel_BetIpart_module_sub__pTet reaction_rates 
Variables:   YFP_protein BM3R1_protein AmtR_protein PhlF_protein BetI_protein SrpR_protein HlyIIR_protein topModel_PhlFpart_module_sub__pAmtR topModel_PhlFpart_module_sub__pSrpR topModel_YFPpart_module_sub__pPhlF topModel_YFPpart_module_sub__pBetI topModel_Inverter1_module_sub__Inverter1_fc topModel_Inverter2_module_sub__Inverter2_fc topModel_AmtRpart_module_sub__pHlyIIR topModel_AmtRpart_module_sub__pBAD topModel_HlyIIRpart_module_sub__pBAD topModel_HlyIIRpart_module_sub__pTet topModel_BetIpart_module_sub__pHlyIIR topModel_BetIpart_module_sub__pTet 

Generator:   stamina.InfCTMCModelGenerator
Type:        CTMC

========================================================================
Approximation<1> : kappa = 1.0
========================================================================

---------------------------------------------------------------------

Building model...

Warning: Model contains one or more unbounded variables: model construction may not terminate

Computing reachable states...
Warning: Infinite State system: Reachability analysis based on reachabilityThreshold=1.0
 58811 115277 160625 215179 248282 307853 366005 403387 450172 492884 551841 603489 634327 671670 702520 734512 780356 836961 904670 959293 985439 1015988 1051185 1085261 1125031 1166412 1211036 1258032 1309359 1366239 1436731 1488386 1511352 1536966 1565139 1593213 1625013 1657288 1690578 1725034 1759198 1796630 1834907 1875922 1916182 1964764 2013131 2066833 2128744 2206132 2238574 2257475 2280314 2303166 2328865 2353347 2380535 2406653 2435150 2463210 2492328 2522208 2553185 2585367 2616552 2649219 2682979 2718088 2754902 2793658 2831729 2871592 2916234 2961875 3011492 3060851 3113024 3165306 3246114 3260165 3278534 3298164 3318674 3340313 3363157 3385680 3410363 3435680 3458328 3482256 3508587 3534517 3562142 3585630 3614065 3640890 3668940 3696454 3725358 3757072 3786248 3815991 3847261 3880858 3912598 3946337 3980435 4015354 4055890 4092001 4133305 4170469 4215047 4257535 4304373 4350275 4399601 4458199 4519399 4595886 4607971 4622946 4639762 4656873 4675699 4694717 4712637 4733363 4753048 4772824 4796151 4816974 4837911 4859097 4880196 4903572 4927125 4951194 4974498 4998433 5020216 5044951 5067298 5092927 5116347 5141313 5165335 5192386 5217678 5245223 5271708 5300300 5326299 5353043 5381464 5409968 5436826 5461920 5493942 5524008 5554827 5583550 5618434 5652680 5686181 5719964 5756594 5794024 5830549 5869348 5907137 5948142 5991075 6033776 6078583 6128181 6183622 6239721 6291458 6331388 6343063 6358061 6373151 6389731 6404745 6422732 6440930 6458287 6476272 6494529 6513412 6532902 6552542 6571585 6591407 6610177 6628869 6649671 6670038 6691125 6711847 6732010 6753024 6771151 6794237 6813761 6836399 6857082 6878057 6903043 6926493 6944712 6969783 6993270 7018371 7039829 7062745 7089163 7112970 7132441 7155946 7178288 7203763 7230830 7256436 7277815 7307267 7333946 7362559 7386355 7409337 7436132 7462994 7490106 7522323 7548503 7568965 7601539 7632694 7664756 7698668 7728247 7755058 7784978 7822469 7854894 7892800 7923998 7957123 7992714 8033060 8074565 8115294 8152607 8190333 8233667 8282300 8338396 8383898 8436563 8503042 8509850 8523045 8533685 8544366 8558521 8571717 8587643 8601128 8616955 8633303 8649216 8665449 8681623 8698222 8713197 8725580 8742853 8758972 8777353 8792500 8810646 8827361 8839436 8855905 8876520 8893090 8909822 8927236 8941626 8958278 8976696 8996962 9016194 9032169 9055568 9073174 9087224 9104958 9122098 9142699 9158998 9182639 9201382 9221141 9244581 9260197 9276795 9293088 9316879 9336851 9359897 9376866 9399440 9416312 9436116 9453786 9478314 9497023 9516052 9532808 9558221 9579067 9602491 9624444 9648698 9666557 9689983 9711738 9736094 9756724 9778800 9803627 9826090 9852979 9873704 9901773 9920473 9942778 9965058 9995477 10020919 10041483 10068323 10092489 10118901 10144700 10169967 10196323 10221895 10253574 10276074 10302851 10333769 10360232 10389557 10419311 10446930 10475176 10509383 10543780 10579209 10607386 10638357 10671132 10706406 10740871 10770612 10808989 10848955 10889107 10938128 10978909 11019522 11068902 11125606 11191099 11202099 states
 1 121320 229215 329170 442465 547894 651242 756414 862053 969514 1057737 1144367 1241380 1338111 1443893 1524439 1604963 1705855 1814460 1914136 2014701 2122418 2220964 2326135 2424995 2523920 2628597 2724921 2828339 2906134 2991379 3085981 3188755 3287411 3386666 3483754 3583643 3681015 3780140 3874362 3977736 4069722 4169868 4262388 4365275 4456271 4556891 4657148 4750496 4848711 4941395 5041092 5132063 5229687 5325700 5419984 5514344 5606347 5702570 5802873 5891698 5989595 6078470 6178058 6271307 6363164 6456163 6549277 6642667 6739730 6827368 6925598 7013618 7108852 7198154 7293207 7382268 7475861 7567181 7659122 7748616 7840946 7937294 8023927 8118801 8208352 8297691 8387987 8479701 8567458 8652767 8742519 8834219 8921572 9011974 9100047 9188285 9278241 9365847 9453047 9541752 9633002 9718750 9806274 9894509 9982952 10070254 10155401 10226444 10297470 10371056 10446878 10524691 10607467 10696154 10780801 10860826 10932315 11004400 11081323 11161311 11202099 states
Reachable states exploration and model construction done in 1496.964 secs.
Sorting reachable states list...

Time for model construction: 1515.7 seconds.

Type:        CTMC
States:      11202099 (1 initial)
Transitions: 129819238

---------------------------------------------------------------------

Verifying Prob .....

Starting transient probability computation...

Uniformisation: q.t = 1.0553650654713853 x 1000.0 = 1055.3650654713854
Fox-Glynn (1.25E-7): left = 825, right = 1333
Transient probability computation took 1334 iters and 6209.5 seconds.

Time for model checking: 6209.655 seconds.

Result: 0.33028029755371585 (minimum bound)

Result: 0.9999999951827734 (maximum bound)

========================================================================
Approximation<2> : kappa = 1.4901161193847656E-8
========================================================================

---------------------------------------------------------------------

Building model...

Warning: Model contains one or more unbounded variables: model construction may not terminate

Computing reachable states...
Warning: Infinite State system: Reachability analysis based on reachabilityThreshold=1.4901161193847656E-8
 11206237 11216182 11228513 11240725 11254538 11267295 11280754 11293717 11307350 11320405 11334619 11348653 11363094 11377011 11389894 11405446 11420314 11432392 11448772 11463214 11477018 11493561 11509460 11520989 11538972 11554305 11568147 11584217 11599453 11615999 11626902 11645703 11660929 11678100 11691999 11709621 11724183 11741914 11755801 11776508 11790826 11809110 11823654 11843799 11858001 11877193 11891445 11912412 11928113 11942462 11961442 11975741 11997053 12013450 12031845 12046337 12067555 12084742 12099393 12117318 12132199 12154648 12172191 12190207 12210170 12225106 12248677 12266139 12286327 12303816 12324369 12345780 12362241 12383419 12400417 12424689 12442790 12459427 12482325 12500391 12525765 12543990 12565242 12582914 12602748 12628136 12648776 12672855 12691927 12717898 12738098 12760119 12782831 12805971 12830515 12850395 12875837 12896191 12925711 12947293 12973608 12994475 13022463 13045665 13071526 13094411 13123311 13147837 13173863 13195789 13227424 13252975 13282079 13303994 13336990 13363079 13392778 13421718 13451318 13481474 13507207 13541085 13569070 13599619 13631955 13661670 13692341 13729003 13762604 13793550 13828362 13860541 13897423 13934615 13972991 14012179 14052524 14093300 14136579 14183369 14226068 14273783 14328497 14384535 14444895 14494498 14501330 14511849 14523518 14535460 14547274 14559808 14572353 14585283 14598335 14610981 14624238 14635810 14649480 14663878 14677039 14690480 14704320 14717972 14732435 14746523 14761605 14773288 14790130 14803706 14818075 14834079 14848897 14864366 14877264 14895631 14908818 14925845 14939294 14956418 14970049 14986680 14999599 15016870 15033042 15046101 15064033 15076634 15096341 15110542 15127662 15141686 15157748 15176614 15190693 15208224 15222196 15239899 15257693 15272832 15291148 15304456 15323382 15341041 15355359 15372765 15389353 15402728 15425539 15441377 15457134 15474352 15489667 15512009 15528044 15543056 15562838 15577158 15595632 15615963 15632431 15649708 15667089 15682304 15703966 15723126 15738906 15757961 15775521 15790133 15814161 15830809 15847321 15868999 15883570 15904898 15926673 15943317 15961862 15980735 15997565 16021986 16041003 16057700 16078269 16097272 16114153 16140698 16158768 16176063 16199846 16216814 16240854 16261948 16279304 16299539 16319289 16337695 16364785 16384358 16402568 16426932 16443518 16469451 16491401 16510074 16532844 16553712 16573768 16601522 16622083 16642558 16665301 16684439 16715000 16735791 16755594 16781279 16801529 16830676 16854647 16876501 16901443 16922483 16953641 16977119 17003852 17027266 17054536 17081394 17104308 17132990 17156316 17188434 17212379 17242738 17266174 17297818 17324931 17355983 17380490 17413341 17439786 17470222 17500673 17530948 17559874 17588974 17623520 17650676 17684260 17719622 17750445 17781815 17818094 17853242 17890287 17923971 17960653 17998038 18036344 18076545 18120599 18164788 18212028 18260450 18311547 18367889 18430131 18458840 18465245 18474946 18485170 18496335 18507257 18518926 18530212 18541801 18553228 18565732 18577591 18588521 18600480 18612611 18625354 18636416 18649045 18662495 18673761 18685831 18694470 18707895 18718234 18729052 18740152 18754241 18768047 18780075 18793206 18807200 18821279 18832643 18847196 18859138 18876082 18887881 18902124 18915835 18927725 18944761 18957401 18972936 18986140 18997876 19016243 19028368 19043105 19057242 19068924 19088219 19101535 19112989 19130494 19141725 19158594 19174098 19187519 19201157 19216875 19229722 19248214 19262795 19275811 19290638 19305183 19318742 19336949 19351934 19365746 19377977 19397011 19409552 19425543 19443371 19457832 19471325 19489181 19502314 19515173 19536211 19551348 19563844 19579116 19596787 19608722 19622841 19644743 19659763 19674315 19689736 19704333 19719059 19736020 19755528 19769244 19783976 19801769 19816643 19830236 19850504 19867997 19883302 19897885 19916213 19932838 19946422 19965980 19985062 20000400 20015225 20034774 20049829 20065002 20085829 20105253 20119433 20135589 20154944 20170161 20185012 20206146 20226084 20241102 20257859 20275487 20293489 20308391 20327944 20350057 20367364 20384109 20402220 20420065 20435872 20455883 20478887 20495558 20510490 20531038 20550172 20566857 20589561 20610298 20627142 20644610 20665536 20683294 20700895 20723416 20743408 20761320 20779102 20801398 20820190 20835857 20861936 20881839 20899646 20917134 20941679 20957360 20977894 21005637 21024157 21043084 21063966 21083392 21101902 21130904 21150087 21168517 21189304 21211956 21231471 21257192 21281662 21300607 21318413 21345669 21365224 21390839 21414631 21436067 21459286 21482298 21502840 21533039 21556731 21576833 21604176 21625330 21647566 21677670 21701284 21725060 21749442 21772521 21804897 21828369 21852877 21880408 21906230 21936080 21959999 21990044 22011927 22044642 22070676 22096178 22125695 22155168 22183712 22213026 22241974 22273600 22300210 22333717 22362348 22397048 22425260 22454321 22491059 22523934 22554715 22591730 22626662 22663607 22699959 22735522 22772875 22814070 22853904 22900734 22942848 22988027 23040489 23092248 23152358 23172735 states
 1 119392 231029 344078 460594 572312 679870 790394 897840 1004041 1107576 1213214 1315282 1418099 1521845 1630244 1732598 1833718 1940993 2039145 2144715 2248182 2353301 2447519 2543255 2647486 2746687 2843553 2947595 3044153 3142220 3243176 3349399 3443997 3542309 3642416 3745680 3841443 3937679 4035065 4134112 4235549 4328761 4420178 4522527 4620601 4718057 4812825 4904591 5002884 5102301 5191255 5289799 5379520 5474709 5573302 5670566 5758133 5846078 5944443 6038605 6135605 6225489 6309172 6402841 6504123 6592861 6686602 6778023 6871232 6963867 7056301 7142058 7235101 7328863 7419125 7511703 7597611 7697293 7790773 7875669 7970502 8059324 8151421 8240668 8334646 8428004 8512571 8605654 8698818 8790340 8874694 8965365 9057486 9147315 9238151 9325930 9417050 9500131 9592050 9684140 9772525 9854742 9948734 10038907 10127918 10210468 10301163 10392070 10480407 10569037 10655979 10745398 10826855 10915550 11012710 11100213 11181992 11273099 11356198 11443076 11530492 11615703 11709153 11789034 11873725 11965279 12049765 12136453 12217423 12308831 12399641 12480235 12565386 12650538 12738299 12818921 12903445 12996236 13078011 13162097 13241705 13331552 13413189 13499317 13578576 13671541 13755128 13839594 13919963 14009055 14090745 14175417 14252337 14346361 14428075 14507762 14593623 14676373 14757414 14840164 14920915 15010983 15091025 15173592 15257995 15340515 15421346 15502192 15589839 15677741 15756637 15837119 15921600 16004880 16088149 16168832 16258778 16338209 16418735 16503162 16585151 16664427 16740323 16811937 16879295 16942332 17009008 17077929 17144835 17216734 17283594 17350562 17428570 17499382 17576464 17661924 17736626 17800349 17877123 17965321 18045219 18120739 18196661 18262400 18324594 18387086 18456360 18527012 18594063 18658963 18729596 18801206 18869434 18939009 19027486 19106104 19182345 19262516 19341056 19420092 19489894 19551564 19613997 19680628 19745955 19812532 19879430 19952731 20020654 20089182 20159017 20233682 20314077 20392858 20466926 20534262 20595804 20658576 20727783 20790703 20857682 20924554 20989506 21062955 21130258 21198177 21273307 21348906 21429435 21509798 21576826 21640960 21712667 21778059 21845131 21913242 21983199 22054831 22127724 22200493 22272337 22348250 22427238 22505681 22586868 22653627 22717923 22784109 22849000 22918259 22985576 23054783 23130993 23172735 states
Reachable states exploration and model construction done in 2541.153 secs.
Sorting reachable states list...

Time for model construction: 2580.718 seconds.

Type:        CTMC
States:      23172735 (1 initial)
Transitions: 271108685

---------------------------------------------------------------------

Verifying Prob .....

Starting transient probability computation...

Uniformisation: q.t = 1.11350527722454 x 1000.0 = 1113.50527722454
Fox-Glynn (1.25E-7): left = 877, right = 1398
Transient probability computation took 1399 iters and 14310.865 seconds.

Time for model checking: 14311.182 seconds.

Result: 0.44089267190698594 (minimum bound)

Result: 0.9999904928228898 (maximum bound)

========================================================================
Approximation<3> : kappa = 1.862645149230957E-9
========================================================================

---------------------------------------------------------------------

Building model...

Warning: Model contains one or more unbounded variables: model construction may not terminate

Computing reachable states...
Warning: Infinite State system: Reachability analysis based on reachabilityThreshold=1.862645149230957E-9
 23177896 23186137 23195551 23205166 23215730 23224513 23234891 23244232 23255731 23264996 23275429 23283610 23294946 23304258 23314709 23325691 23333862 23345571 23352995 23363774 23371373 23383668 23391309 23403310 23412670 23425761 23436713 23446915 23456702 23465163 23475629 23486322 23495413 23505797 23515870 23524638 23540678 23549963 23557911 23570477 23578298 23587066 23600893 23611607 23621127 23634900 23645132 23655186 23670575 23681183 23691137 23701365 23713597 23721835 23735123 23748929 23760412 23770339 23784636 23795157 23804697 23817940 23829999 23838178 23847245 23859295 23873036 23883359 23893113 23912157 23923676 23933276 23942682 23955279 23966396 23974555 23984827 24002659 24014961 24026779 24036594 24054090 24063185 24073318 24082860 24100271 24110397 24121477 24132294 24144266 24158306 24168348 24179605 24198422 24212097 24222290 24231705 24241164 24254452 24265741 24274019 24284461 24302011 24314780 24328064 24338565 24350389 24365629 24375424 24385076 24394255 24410738 24422338 24434913 24445674 24457644 24472042 24486360 24498049 24507614 24520036 24535339 24548313 24559783 24568734 24579352 24591594 24606480 24618098 24628948 24648603 24663516 24677158 24687532 24697719 24707483 24722682 24728460 24739980 24748595 24760923 24781482 24797283 24808836 24821828 24833022 24849569 24861028 24870705 24882547 24894665 24914063 24928172 24939503 24952953 24964505 24985765 24997037 25010611 25021310 25042704 25056215 25067224 25080528 25089982 25104253 25120496 25132745 25146454 25158285 25165826 25186585 25202827 25216800 25228002 25239845 25256057 25270230 25281979 25293746 25313858 25328551 25344868 25358176 25374211 25390011 25409883 25422275 25434635 25448801 25467483 25483171 25494579 25509343 25522687 25538013 25557877 25571040 25586355 25609131 25628788 25641402 25654711 25665836 25680155 25701695 25711035 25725193 25736309 25760898 25778279 25795555 25810836 25826073 25850987 25862506 25875311 25887028 25911247 25926358 25940099 25956090 25967889 25987289 26005298 26021163 26035767 26063782 26080380 26095832 26109457 26121753 26141163 26156260 26171051 26186172 26206043 26227494 26242726 26261152 26276464 26302586 26316878 26332090 26350579 26372445 26390933 26403420 26419898 26432872 26457366 26473858 26489337 26518251 26538548 26557428 26573843 26594929 26613322 26629774 26645730 26674388 26694055 26710957 26730256 26754105 26775573 26792531 26822819 26844154 26865506 26883852 26913049 26930003 26956283 26981268 27004464 27024270 27050989 27072005 27093177 27122068 27146219 27166406 27194510 27216881 27241934 27269058 27293210 27314049 27317493 27348022 27370485 27403440 27427652 27452180 27481621 27506964 27538959 27566263 27593194 27622133 27652665 27682960 27708214 27741822 27772666 27803352 27832167 27862140 27898762 27925380 27961136 27992381 28026817 28061265 28097140 28129352 28167700 28204473 28243128 28279780 28321711 28360795 28407498 28451675 28499277 28551864 28604448 28667817 28721543 28726155 28733695 28742264 28751299 28760722 28770434 28779778 28789548 28798729 28808255 28818539 28829636 28839365 28848931 28860248 28870062 28879788 28891833 28901103 28913140 28921704 28934901 28943538 28955527 28964220 28976790 28987036 28996744 29009031 29018689 29031217 29042483 29051803 29065454 29073993 29087661 29099112 29109626 29121530 29133403 29142410 29156946 29169131 29178381 29191177 29203398 29213498 29227808 29239602 29250342 29261389 29275116 29284917 29294223 29312052 29322785 29333613 29344983 29358665 29367869 29379625 29396120 29408211 29418735 29429716 29445530 29456229 29465966 29483131 29495565 29506517 29517180 29531060 29543302 29553337 29564469 29581909 29594800 29605808 29616875 29630363 29643040 29653020 29664175 29682413 29695912 29706393 29718793 29730181 29746359 29756360 29767692 29782840 29798630 29810213 29822374 29832619 29847568 29860177 29871450 29882236 29900461 29914168 29927165 29938274 29949360 29963933 29977820 29989107 30000830 30018890 30034312 30045825 30058736 30070049 30084703 30099362 30111021 30122340 30138685 30154860 30169011 30180336 30192515 30204206 30223339 30234436 30245830 30257876 30278444 30292809 30305591 30318442 30330369 30345553 30361961 30373350 30385258 30400052 30419695 30432972 30446139 30458108 30470138 30486943 30502007 30513956 30526334 30545158 30562812 30576700 30589615 30601445 30614522 30632366 30646338 30658581 30671492 30691607 30708102 30722580 30735490 30748550 30761041 30780055 30794689 30807754 30820969 30841454 30859119 30873244 30886736 30899363 30912707 30931630 30946441 30959874 30973098 30993668 31011975 31026369 31040899 31054014 31067073 31085999 31102390 31115990 31129877 31149363 31169109 31183618 31198517 31212215 31226039 31244611 31261428 31275254 31289491 31309297 31330081 31344839 31360547 31374687 31388467 31408643 31425812 31440276 31454720 31476523 31495962 31511336 31526788 31541389 31555530 31576815 31593376 31608152 31622963 31646568 31665339 31681704 31696425 31711517 31725339 31749208 31763093 31778202 31792264 31819095 31836666 31853739 31868097 31884888 31900923 31923981 31937426 31953231 31969599 31995685 32011965 32029714 32044616 32060286 32081426 32100250 32115056 32131677 32156621 32176836 32193033 32210092 32225385 32245767 32265625 32281657 32296521 32322061 32341655 32360700 32375443 32392982 32411051 32435031 32450408 32467414 32490165 32513047 32531125 32548563 32566030 32588277 32608898 32625976 32642820 32672893 32692455 32712380 32728984 32749387 32774887 32792657 32809686 32838951 32860491 32880910 32898236 32919488 32944796 32963003 32979902 33009647 33030275 33051464 33068431 33093126 33115985 33135057 33156277 33186072 33206609 33228231 33246102 33276555 33294780 33315821 33344640 33369127 33388683 33410032 33438967 33459442 33482020 33511706 33532148 33555008 33580416 33606247 33627267 33658473 33681216 33703901 33728964 33754642 33776955 33809163 33832292 33857080 33886312 33908934 33938516 33966729 33989312 34019915 34044138 34076416 34102550 34129124 34159463 34184827 34218072 34245656 34275178 34303918 34337161 34366635 34399277 34427851 34462338 34492145 34526377 34564695 34593894 34632082 34668470 34706111 34740594 34782485 34821286 34865997 34907660 34957499 35002420 35058071 35112703 35177646 35179410 35183400 35189742 35197994 35205757 35214270 35222862 35231908 35241100 35250589 35259592 35269532 35277004 35288247 35297338 35306381 35316451 35325342 35335242 35343671 35355960 35364076 35375060 35383518 35395465 35404322 35414099 35423966 35431459 35445250 35453752 35464152 35475111 35483102 35496852 35505894 35515235 35527267 35535903 35543720 35558458 35568700 35577563 35589517 35599580 35608355 35622030 35632183 35642299 35650671 35664870 35674085 35682286 35697523 35707718 35718307 35726735 35739499 35749107 35759435 35768528 35784881 35794948 35804685 35813175 35827500 35836545 35846843 35855951 35872844 35882479 35893616 35902555 35915320 35926205 35935689 35945011 35961414 35972643 35984055 35993157 36003439 36017400 36028672 36037690 36047805 36063863 36076624 36087136 36097572 36106494 36120303 36132096 36142211 36151338 36166479 36179568 36191827 36201317 36211888 36221592 36237904 36247873 36257953 36267943 36286279 36299014 36310341 36320911 36331993 36341369 36358885 36367796 36378119 36388822 36407277 36420167 36431529 36441960 36452798 36463385 36480390 36491365 36502097 36512842 36529576 36543858 36556483 36567634 36578348 36589476 36602030 36618317 36628408 36638419 36648516 36667546 36680361 36693581 36703963 36715309 36725507 36739323 36753947 36763947 36773842 36785560 36802086 36818925 36830481 36843297 36854170 36865570 36874605 36892815 36904496 36915923 36927103 36940793 36959074 36973050 36983994 36995658 37006256 37017895 37031632 37048506 37057717 37068909 37080642 37097633 37114944 37126756 37138985 37149598 37161442 37172276 37189122 37204124 37216146 37225120 37236913 37256067 37272953 37284579 37297010 37307625 37319679 37330716 37347722 37362703 37374334 37383342 37395824 37414295 37431839 37444613 37457307 37469507 37481664 37494144 37509492 37526780 37536410 37548311 37559673 37578162 37595402 37610484 37622598 37635248 37647112 37660040 37673667 37692496 37702440 37715383 37727181 37742302 37761229 37776830 37790042 37803739 37815754 37827570 37839901 37858549 37874220 37885948 37898088 37909022 37932415 37948298 37962394 37974486 37987446 37999285 38012633 38029428 38047651 38057655 38070415 38082926 38102861 38121695 38137724 38150632 38164207 38177592 38191156 38208668 38226705 38238684 38250721 38264638 38282188 38303299 38318075 38333142 38346118 38360023 38372679 38388434 38407598 38421325 38434005 38448218 38463574 38486568 38501697 38517434 38530733 38544880 38558679 38574032 38595525 38608327 38622669 38636168 38656208 38675663 38693059 38707252 38722003 38734849 38749269 38765616 38786882 38798592 38812883 38826633 38849309 38868282 38885707 38899506 38913990 38927486 38942270 38962031 38980725 38995709 39008954 39024625 39048942 39067175 39082042 39098402 39112101 39127266 39142935 39166205 39178225 39193029 39207478 39232102 39251537 39268578 39283075 39298831 39312954 39330079 39352605 39368055 39383466 39398036 39424077 39442465 39460186 39475514 39492742 39507323 39526461 39547528 39562404 39576196 39593383 39619270 39639181 39655700 39672606 39686958 39703282 39724835 39745264 39760618 39776601 39800978 39821963 39841052 39857898 39875822 39891357 39913656 39933936 39950641 39966531 39991938 40013781 40033662 40050543 40067579 40083606 40109541 40126903 40144883 40163221 40191528 40211812 40230103 40249362 40266875 40291062 40310926 40328889 40348962 40377365 40397817 40417889 40435599 40454167 40480700 40500848 40519555 40545139 40568194 40590340 40607455 40629186 40651562 40674638 40692386 40717512 40743046 40764869 40784887 40804170 40830916 40851139 40872446 40898587 40924005 40942969 40963894 40988166 41012905 41032497 41062092 41085454 41108432 41128133 41156223 41177301 41199419 41228922 41253485 41276226 41302399 41328735 41349096 41381930 41403706 41427390 41454052 41480158 41506601 41536232 41558589 41587959 41613758 41644566 41672457 41699192 41728329 41756847 41788906 41817551 41846578 41877297 41910649 41941106 41975218 42004507 42041833 42076010 42111152 42149148 42185499 42224926 42260232 42301784 42341635 42387951 42430305 42479408 42529318 42589707 42633165 states
 1 125874 237770 347690 466459 564681 664940 757120 852392 945488 1040771 1138239 1239970 1336783 1439227 1540179 1635279 1726734 1825738 1931388 2034732 2139988 2217644 2322522 2373949 2476248 2534702 2628688 2736153 2814448 2898801 2975802 3057751 3138389 3224496 3304865 3394399 3480255 3573322 3661871 3760350 3845365 3935835 4029047 4130571 4220089 4327560 4411064 4493512 4567176 4647059 4722327 4801344 4875709 4968909 5050645 5135727 5212477 5302574 5383829 5469693 5548064 5647531 5743402 5838827 5923447 6025039 6113868 6191102 6266807 6338225 6421527 6498846 6575773 6649090 6734170 6812408 6897864 6984762 7064933 7154078 7242610 7327768 7420367 7506938 7605494 7692378 7786832 7879404 7965197 8047398 8118980 8192343 8264593 8334521 8413798 8487474 8569701 8643592 8723203 8801594 8891983 8971924 9051290 9123824 9204635 9301730 9396299 9484273 9568369 9657506 9750985 9851698 9923705 9996215 10062602 10130755 10206040 10279386 10355139 10427497 10509174 10583215 10665909 10758262 10840959 10926375 11001163 11081145 11176238 11268714 11354230 11444624 11526338 11614062 11713822 11803344 11873531 11943189 12009246 12080610 12165218 12246572 12322210 12406629 12484182 12566565 12655409 12751225 12832357 12909765 12977663 13059915 13152220 13242904 13328303 13417462 13499666 13587302 13675946 13773398 13855008 13933226 14001598 14074887 14146986 14224815 14299674 14370891 14450548 14521598 14598256 14675368 14757217 14840612 14919425 14994528 15060928 15140022 15227918 15313315 15402176 15483634 15570532 15657243 15744133 15835514 15907180 15981562 16043116 16111396 16180567 16249256 16323023 16394714 16464284 16540122 16608077 16681539 16756207 16829484 16900225 16984613 17060539 17135081 17219785 17303560 17380746 17471056 17550990 17637990 17724027 17809020 17883531 17952091 18024080 18093424 18164535 18227686 18293365 18357894 18421515 18493235 18563914 18640099 18715324 18790011 18863811 18943858 19014664 19091485 19180149 19269354 19353711 19432129 19514250 19593596 19683733 19755420 19831490 19900738 19973852 20046380 20120076 20191120 20268835 20347674 20426046 20496714 20565504 20637907 20708474 20781774 20863069 20941207 21013797 21094306 21172220 21254935 21334250 21425022 21512263 21582824 21648642 21709068 21774563 21839387 21905524 21977280 22045999 22109008 22182235 22249820 22322416 22392986 22466040 22544659 22621202 22700137 22765406 22837570 22915132 22994946 23077139 23161754 23236375 23302838 23368819 23430198 23496388 23557865 23621998 23699729 23771284 23843128 23907994 23981289 24052669 24125985 24206535 24278827 24355469 24425905 24502072 24571810 24653079 24728605 24820910 24905281 24987195 25060822 25124574 25189187 25250824 25318930 25380906 25446919 25513539 25575223 25642528 25710851 25780556 25845626 25921455 26002087 26071696 26142686 26211440 26289009 26366991 26447586 26529177 26603699 26684967 26750001 26815553 26875542 26936837 27010471 27081059 27151911 27214035 27281078 27353472 27419939 27497790 27566935 27642755 27712116 27786690 27860352 27922502 27992214 28063150 28150515 28229996 28309259 28380264 28457669 28537003 28603513 28668030 28728067 28791728 28855980 28915381 28979011 29034000 29091701 29167648 29231969 29301979 29369605 29418067 29484060 29544055 29607276 29666135
