STAMINA
=====
Version: 1.1

PRISM
=====

Version: 4.5
Date: Thu Jan 14 17:58:33 MST 2021
Hostname: el176-deeplearning
Memory limits: cudd=1g, java(heap)=120g

Type:        CTMC
Modules:     AmtR_protein BetI_protein HlyIIR_protein PhlF_protein YFP_protein topModel_AmtRpart_module_sub__pBAD topModel_AmtRpart_module_sub__pHlyIIR topModel_YFPpart_module_sub__pPhlF topModel_YFPpart_module_sub__pBetI topModel_BetIpart_module_sub__pHlyIIR topModel_BetIpart_module_sub__pTet topModel_PhlFpart_module_sub__pTac topModel_PhlFpart_module_sub__pAmtR topModel_HlyIIRpart_module_sub__pTet topModel_HlyIIRpart_module_sub__pBAD reaction_rates 
Variables:   AmtR_protein BetI_protein HlyIIR_protein PhlF_protein YFP_protein topModel_AmtRpart_module_sub__pBAD topModel_AmtRpart_module_sub__pHlyIIR topModel_YFPpart_module_sub__pPhlF topModel_YFPpart_module_sub__pBetI topModel_BetIpart_module_sub__pHlyIIR topModel_BetIpart_module_sub__pTet topModel_PhlFpart_module_sub__pTac topModel_PhlFpart_module_sub__pAmtR topModel_HlyIIRpart_module_sub__pTet topModel_HlyIIRpart_module_sub__pBAD 

Generator:   stamina.InfCTMCModelGenerator
Type:        CTMC

========================================================================
Approximation<1> : kappa = 1.0
========================================================================

---------------------------------------------------------------------

Building model...

Warning: Model contains one or more unbounded variables: model construction may not terminate

Computing reachable states...
Warning: Infinite State system: Reachability analysis based on reachabilityThreshold=1.0
 54863 102432 142085 179460 205605 234699 269267 289162 322889 342823 371512 394617 416665 450854 471245 494502 528330 542702 564047 591612 617369 635785 657723 687713 708427 723370 739244 761889 794080 808200 824601 842958 867175 898214 911405 927033 943799 964497 993569 1013196 1026344 1041092 1057501 1076527 1104204 1125491 1137297 1151527 1165544 1181806 1201004 1230894 1248263 1258821 1272211 1284961 1299800 1316961 1338471 1369733 1378580 1388987 1401906 1414560 1427996 1444398 1462694 1491785 1507559 1516823 1527914 1539120 1551652 1565225 1578495 1597153 1622009 1645114 1653429 1663387 1675443 1687010 1699724 1713746 1729344 1749356 1782545 1792363 1800555 1810251 1821566 1832966 1844902 1857501 1872023 1889231 1912722 1940850 1947402 1955165 1964911 1976487 1986848 1997972 2010906 2023865 2040195 2058350 2087746 2101911 2108120 2116299 2126042 2136768 2147222 2157759 2169539 2182331 2196122 2213522 2234772 2263530 2269012 2275526 2283819 2293059 2303067 2313313 2322954 2333951 2346197 2359335 2374491 2393280 2420055 2436007 2441596 2448617 2456858 2465748 2476131 2486542 2495879 2507100 2517613 2530585 2544549 2560257 2580976 2612029 2615758 2621366 2627858 2635833 2644722 2654199 2663569 2672875 2683176 2693831 2704584 2718108 2732168 2749070 2772205 2796066 2800032 2805869 2812299 2819480 2827881 2837333 2846928 2855824 2864977 2875044 2886243 2898185 2910885 2925676 2942931 2968920 2986571 2990793 2995957 3001981 3009128 3017504 3025819 3035467 3043310 3052478 3061854 3071208 3081932 3094515 3106811 3121099 3139444 3158242 3182155 3185744 3190561 3196633 3203282 3210711 3219278 3228220 3237484 3246353 3255486 3265410 3275993 3286457 3298903 3312085 3327346 3346136 3375180 3385919 3389783 3394375 3400029 3406841 3413476 3421593 3430177 3439384 3448143 3455856 3465282 3475210 3485124 3495692 3506964 3520488 3535637 3553831 3583616 3594648 3598265 3602690 3607751 3613800 3620259 3627942 3636302 3644237 3653264 3660787 3669670 3679350 3687997 3698630 3709221 3720484 3734307 3748774 3764870 3790525 3809791 3812573 3816587 3821168 3826595 3832901 3839595 3847029 3855360 3863318 3872044 3879352 3888051 3895754 3905556 3914775 3925511 3936856 3947963 3961647 3978331 3997085 4031652 4033207 4036781 4040999 4045662 4051095 4056816 4063618 4070399 4079042 4086896 4095608 4103201 4110795 4120173 4128501 4137611 4148014 4157781 4169623 4182274 4196649 4213114 4234719 4260879 4262462 4266056 4269979 4274343 4279496 4285054 4291707 4298209 4306468 4314019 4321753 4328978 4337453 4345157 4352788 4361651 4371234 4380401 4390067 4401784 4414744 4427601 4443863 4463028 4495719 4496927 4499963 4503362 4507841 4512712 4517827 4523616 4529890 4537040 4544125 4551807 4559617 4567951 4575278 4583060 4590961 4598949 4607786 4617224 4627696 4637552 4649873 4661366 4676085 4693460 4717475 4738227 4739731 4742811 4746485 4750164 4754601 4759541 4764986 4771113 4777682 4784748 4791972 4799520 4806779 4813895 4821044 4828760 4836580 4845076 4854706 4863482 4873062 4882652 4893664 4906128 4920551 4935842 4956465 4986398 4987414 4989879 4993025 4996598 5000933 5005506 5010790 5016320 5022347 5028725 5035738 5043026 5050701 5057928 5065080 5072222 5079914 5085378 5092611 5101084 5109480 5118494 5127879 5138139 5150273 5161289 5175713 5190836 5210812 5242676 5243398 5245979 5249105 5252140 5256005 5259973 5264609 5269924 5275246 5281611 5287984 5294710 5301576 5309233 5316575 5323431 5330764 5338307 5345768 5353542 5360460 5369048 5377743 5387148 5396882 5408630 5420053 5431887 5446897 5465762 5491245 5504166 5505472 5508048 5511008 5514496 5518432 5522712 5527413 5532252 5537768 5543680 5550130 5557187 5563946 5570488 5577838 5584630 5591773 5598827 5605535 5613215 5620994 5629405 5637606 5646605 5656182 5664897 5676436 5687145 5699320 5714374 5730232 5755295 5773743 5774651 5777078 5779537 5782968 5786147 5790078 5794495 5798836 5803879 5808634 5814317 5821025 5827895 5833184 5840516 5846476 5853405 5860228 5867430 5873457 5880626 5888502 5895972 5903425 5912022 5920827 5930352 5939889 5950359 5961463 5973293 5988176 6003934 6026524 6048993 6049653 6051482 6053612 6056133 6059314 6062807 6066707 6070757 6074509 6079350 6084603 6090196 6095624 6101902 6107457 6114556 6122154 6127727 6133886 6139549 6146570 6153469 6159937 6166120 6172560 6180665 6187495 6196305 6205408 6212116 6221379 6231364 6242375 6254337 6265853 6278802 6291458 6312666 6332109 6332483 6334263 6336423 6338820 6342126 6345076 6348855 6352419 6356131 6360671 6365817 6370785 6375636 6380911 6387856 6394453 6400558 6405958 6412954 6419460 6425293 6431654 6437192 6444667 6451165 6458861 6464864 6473166 6481302 6489299 6497786 6504658 6514253 6525026 6536629 6551091 6563921 6579596 6601412 6621773 6622207 6623541 6625690 6628070 6631076 6634044 6636932 6640438 6644262 6648606 6653509 6658271 6663939 6669482 6675660 6682656 6688642 6696517 6702130 6709138 6715121 6721945 6728989 6735164 6742864 6749162 6757310 6763996 6772519 6781389 6789306 6798470 6808671 6819017 6830365 6842306 6855874 6871150 6893642 6918141 6918375 6919666 6921769 6924342 6927186 6930256 6933583 6937178 6941035 6945161 6949733 6954150 6959701 6964498 6970801 6976113 6983109 6988865 6996077 7000677 7006013 7012661 7018237 7025448 7031308 7038934 7044964 7053051 7059513 7067923 7076429 7083768 7093457 7103174 7111427 7122137 7132868 7145053 7160280 7176133 7196489 7221612 7221857 7222956 7225021 7227349 7230184 7232907 7236101 7239136 7242434 7246373 7250311 7255033 7259924 7264633 7270319 7276086 7281446 7288683 7294132 7301814 7307296 7314141 7319905 7325482 7332489 7338610 7345768 7351728 7359506 7366136 7374676 7381442 7390421 7397698 7407314 7417431 7425937 7436853 7447458 7460284 7475921 7493013 7518699 7532391 7532758 7534022 7536123 7538545 7540901 7544010 7547025 7550413 7553805 7557529 7561554 7565634 7570259 7574704 7580140 7585332 7590511 7597177 7603110 7608850 7616351 7622016 7628649 7634353 7639865 7646950 7652651 7660278 7666440 7672853 7680731 7687215 7695923 7702762 7711994 7719425 7729046 7738914 7747614 7758915 7770618 7783522 7799425 7817677 7849071 7850831 7851372 7852617 7855032 7857167 7859812 7862254 7865002 7868178 7871527 7875108 7878681 7882715 7887020 7891604 7896386 7901550 7906578 7913018 7918908 7924345 7931205 7937459 7942887 7949571 7954915 7960447 7967346 7973418 7979124 7986759 7992809 7999230 8007085 8013706 8020653 8029350 8036594 8046025 8053865 8063690 8074021 8084945 8095347 8110213 8123566 8141549 8174520 8175197 8175609 8176675 8178606 8180615 8183412 8185821 8188523 8191362 8194307 8197293 8200977 8204568 8208703 8212862 8217440 8221723 8227288 8232431 8237565 8243576 8250283 8255930 8261560 8268809 8273798 8278974 8284594 8291186 8297033 8302580 8309929 8316016 8321889 8328444 8336112 8342806 8349381 8358178 8365099 8373230 8382049 8390898 8400287 8410996 8422504 8434010 8448226 8462380 8485356 8507309 8507403 8508139 8509615 8511730 8513901 8516412 8519089 8521632 8524421 8527342 8530802 8534094 8537810 8541578 8545610 8550219 8554781 8559580 8564424 8570451 8576316 8581711 8587201 8593187 8600261 8605680 8610717 8616236 8623058 8628230 8633660 8639299 8645713 8652384 8658445 8664523 8671309 8679157 8685572 8692345 8701214 8708275 8716361 8725266 8734592 8743981 8754936 8766916 8779027 8792888 8810828 8836869 8846821 8846971 8847723 8849126 8850952 8853288 8855561 8857892 8860623 8863024 8865592 8868880 8872114 8875630 8879315 8883429 8887347 8892031 8896816 8901285 8906020 8911214 8917394 8923134 8928478 8933932 8939260 8944798 8951021 8956221 8961360 8966758 8971927 8977550 8984510 8990334 8996122 9002140 9008135 9015528 9022300 9028740 9035327 9043219 9051344 9057437 9063922 9072342 9081943 9092452 9101631 9113931 9126780 9140169 9159359 9189581 9192707 9192864 9193665 9195079 9197022 9198969 9200990 9203406 9206015 9209013 9211507 9214798 9217908 9221148 9224611 9228281 9232199 9236458 9240883 9245246 9249912 9254516 9259805 9265789 9272019 9277447 9283172 9288500 9293992 9298976 9305450 9310850 9316261 9321534 9327107 9332463 9338336 9344317 9351655 9357562 9363802 9369951 9376269 9384630 9391700 9398557 9406319 9415439 9423186 9433109 9441946 9452986 9462590 9475567 9488482 9505862 9526366 9547572 9547612 9548135 9549322 9551150 9553137 9555588 9557878 9560046 9562304 9564953 9567857 9570706 9573747 9577149 9580566 9584479 9588120 9592013 9596757 9600998 9605922 9610813 9615716 9620952 9626138 9631691 9637232 9642965 9649878 9654916 9660125 9665154 9670312 9675578 9680872 9686352 9691805 9697263 9703320 9709564 9716348 9722593 9728665 9735043 9741270 9747998 9756799 9763713 9771049 9779377 9788440 9796784 9807368 9816811 9828040 9841048 9854244 9871930 9896683 9909582 9909640 9910064 9911090 9912801 9914347 9916312 9918361 9920681 9923377 9925807 9928246 9931184 9934246 9936967 9940334 9943733 9947356 9950848 9954950 9959138 9963223 9967579 9972202 9977197 9982357 9987657 9992974 9999331 10005024 10010383 10015409 10020319 10025300 10030153 10035332 10040440 10045841 10051039 10056355 10061819 10067567 10073227 10079064 10084800 10091220 10097643 10105113 10111678 10118243 10125283 10132215 10139494 10148664 10156673 10164982 10175233 10184141 10195839 10209151 10222485 10238134 10262090 10277692 10277708 10278087 10279157 10280378 10282239 10283972 10286005 10288326 10290700 10292722 10295666 10297892 10300810 10303573 10306422 10309778 10313070 10316551 10320478 10324074 10328118 10332361 10336754 10341347 10346112 10351104 10356121 10361336 10366603 10372061 10377409 10382667 10387673 10392484 10397478 10402316 10407386 10412467 10417712 10423001 10428181 10433521 10438969 10444524 10450309 10456141 10462055 10468067 10474265 10480566 10486852 10493421 10500502 10509397 10516876 10524271 10532196 10542302 10550782 10561999 10572112 10585108 10598344 10614222 10638376 10653723 10653741 10654037 10654930 10656043 10657851 10659594 10661596 10663855 10665977 10667925 10670517 10672461 10674625 10677172 10680160 10683183 10686425 10689502 10693140 10696653 10700281 10704236 10708313 10712640 10717032 10721686 10726531 10731601 10736748 10741921 10747058 10752584 10757795 10763089 10767904 10772774 10777829 10782769 10787879 10793056 10798222 10803652 10809090 10814457 10820205 10825670 10831566 10837307 10843200 10849396 10855425 10861890 10868130 10874515 10881334 10888188 10895777 10905252 10912819 10920920 10930670 10940073 10950587 10962067 10975436 10989227 11008294 11037662 11037673 11037976 11038802 11039919 11041685 11043342 11045233 11047451 11049527 11051526 11054030 11056272 11058659 11061398 11064335 11066848 11069963 11073171 11076361 11079867 11083340 11086979 11090827 11094850 11099082 11103350 11107951 11112831 11117826 11122975 11128235 11133399 11138665 11143795 11148315 11152327 11156842 11161731 11166715 11171702 11176774 11181821 11187000 11192335 11197694 11203017 11208582 11214095 11219900 11225579 11231201 11237016 11242666 11249379 11255763 11262212 11268770 11275546 11282390 11289613 11296896 11304694 11314573 11322861 11331619 11343686 11355091 11366977 11381809 11401140 11428625 11428633 11428859 11429642 11430594 11432105 11433711 11435636 11437699 11439429 11441537 11443843 11446279 11448328 11451058 11453655 11456510 11459154 11462098 11465306 11468634 11471977 11475330 11478918 11482637 11486529 11490526 11494764 11499241 11502944 11507709 11512661 11517742 11523044 11528271 11533623 11538671 11543375 11546889 11551324 11556125 11560858 11565834 11570831 11575874 11581152 11586241 11590966 11595243 11600416 11605749 11611340 11616958 11622767 11628720 11634516 11640629 11646743 11653090 11659506 11666109 11672978 11679798 11687030 11694434 11702215 11712288 11720636 11729582 11741417 11751918 11764959 11779007 11798773 11827209 11827217 11827432 11828083 11828868 11830630 11832256 11834076 11835942 11837492 11838870 11841276 11843121 11845596 11848068 11850263 11852688 11855437 11858100 11860991 11863932 11866993 11870326 11873646 11877108 11880879 11884822 11889010 11893325 11897759 11902053 11906675 11910538 11915117 11920154 11925462 11930691 11935947 11941053 11945270 11948878 11953589 11958344 11963071 11968072 11973035 11977836 11982400 11986436 11991531 11996872 12002490 12007817 12013329 12019017 12024484 12029034 12034789 12040400 12046284 12052647 12058925 12065211 12071759 12078768 12085671 12092956 12102280 12110576 12118476 12126848 12137115 12147407 12158552 12171264 12185829 12205169 12233147 12233149 12233327 12233808 12234614 12236172 12237693 12239472 12241245 12242729 12245059 12246690 12249134 12251419 12253235 12255522 12258199 12260757 12263416 12266109 12269000 12271982 12275018 12278169 12281423 12284762 12288434 12292139 12295929 12299951 12303270 12307562 12312295 12317271 12322172 12326624 12330185 12335269 12340619 12345801 12350826 12353960 12358282 12362948 12367752 12372419 12377183 12380624 12385418 12390370 12395374 12400628 12405414 12409075 12414347 12419635 12425117 12430802 12436326 12440435 12445745 12451603 12457514 12463771 12470021 12476374 12482997 12489686 12496658 12503767 12511094 12518525 12526648 12536538 12545536 12554563 12566478 12577445 12582914 12597114 12615628 12628095 12647019 12647023 12647152 12647624 12648340 12649629 12651290 12652885 12654339 12656190 12657981 12660037 12661671 12663976 12666136 12667815 12669873 12672326 12674686 12677103 12679758 12682650 12685553 12688710 12692026 12694939 12698183 12701707 12705484 12709387 12713476 12717334 12721241 12725302 12730078 12735123 12740252 12745099 12748487 12753520 12758929 12764028 12768993 12773398 12776635 12781182 12786067 12790997 12796065 12800193 12804215 12809287 12814421 12819682 12824974 12830346 12834091 12839414 12844911 12850636 12856403 12862223 12868071 12872733 12878224 12884689 12891226 12897698 12904335 12911226 12918289 12925725 12933624 12943376 12951679 12960087 12969450 12981365 12992418 13005515 13020213 13040699 13068669 13068670 13068816 13069195 13069877 13071126 13072608 13074136 13075519 13077521 13079363 13081327 13082966 13085199 13087493 13089393 13091454 13093803 13096281 13098695 13101271 13104033 13106957 13109691 13112721 13116018 13118966 13122135 13125622 13129398 13133247 13137104 13140207 13144337 13148973 13153798 13158097 13161409 13166396 13171603 13176894 13180780 13184949 13190052 13194954 13199634 13202748 13207198 13211898 13216625 13221579 13224858 13229415 13234548 13239672 13244726 13248106 13253316 13258694 13264349 13269637 13273620 13278761 13284626 13290464 13296600 13302649 13308781 13314566 13319900 13326114 13332803 13339546 13346710 13354346 13362511 13372024 13380300 13388832 13398079 13410185 13420593 13434144 13448620 13468624 13498157 13498158 13498254 13498698 13499343 13500487 13501899 13503594 13504962 13506620 13508535 13510347 13511953 13514285 13516283 13518303 13520161 13522267 13524613 13526942 13529468 13532049 13534810 13537736 13540856 13543278 13546266 13549399 13552666 13555923 13559632 13562599 13566509 13570714 13574836 13578101 13582323 13587326 13592259 13596526 13600082 13605156 13610579 13615040 13618432 13623350 13628185 13632774 13635715 13640346 13645099 13649994 13653556 13657955 13662905 13668013 13672992 13676315 13681505 13686876 13692206 13697007 13701051 13706511 13712333 13718123 13723942 13728250 13733832 13739832 13746232 13752575 13759195 13765919 13772883 13779881 13787015 13794474 13802018 13810000 13818060 13825679 13833567 13842318 13853064 13863905 13877071 13886431 13901286 13922579 13934564 13934565 13934610 13934937 13935431 13936290 13937423 13938803 13940400 13941715 13943775 13945203 13946797 13948801 13950711 13952415 13954231 13956169 13958395 13960803 13963118 13965540 13968084 13970417 13973246 13976191 13979365 13982209 13985262 13988594 13992085 13995400 13999225 14002391 14006413 14010510 14015014 14019244 14022738 14027916 14032480 14034654 14039528 14044961 14049854 14053463 14058686 14063604 14068440 14071821 14076043 14080848 14085738 14089112 14093617 14098586 14103695 14108439 14111873 14117000 14122395 14127749 14131840 14136593 14141940 14147744 14153178 14157002 14162424 14168541 14174451 14180445 14186779 14192084 14197536 14203780 14210442 14217485 14224500 14231948 14239336 14246921 14255373 14264393 14274935 14284533 14295281 14308535 14322228 14337688 14360948 14379591 14379592 14379673 14380026 14380592 14381460 14382632 14384328 14385786 14387199 14389130 14390638 14392194 14394415 14396294 14398214 14400059 14402055 14404226 14406332 14408704 14411219 14413793 14416552 14419587 14422021 14424723 14427752 14430865 14433937 14437061 14440111 14443784 14447823 14451545 14454752 14458827 14463615 14468061 14471324 14476095 14481410 14486693 14489878 14494844 14500302 14505654 14509126 14513448 14518282 14523203 14527858 14531174 14535724 14540941 14545786 14549128 14554056 14559323 14564579 14567671 14572955 14578439 14583835 14587767 14592780 14598476 14604424 14609907 14613539 14619472 14625442 14631602 14638021 14643154 14648476 14655185 14661991 14668822 14675875 14683403 14690779 14698774 14706643 14715528 14724791 14735424 14745566 14757479 14769846 14784528 14804052 14832797 14832798 14832900 14833209 14833842 14834636 14835813 14837291 14839023 14840233 14842283 14843761 14845549 14847444 14849517 14851340 14853130 14855019 14857044 14859204 14861474 14863811 14866353 14868990 14871220 14873867 14876756 14879516 14882456 14885871 14888383 14891576 14895119 14898588 14901669 14905404 14909692 14913649 14916544 14921278 14926302 14930626 14933909 14939163 14944460 14948054 14952375 14957734 14963029 14966180 14970753 14975338 14980149 14983328 14988093 14992726 14997872 15001047 15005689 15010669 15014459 15019029 15024106 15029369 15032854 15037759 15043378 15048732 15052400 15057656 15063506 15069462 15073313 15078572 15084725 15090990 15096960 15101260 15107335 15113647 15120308 15127382 15134572 15141672 15149217 15156605 15164331 15172656 15180856 15189723 15201368 15212852 15224910 15238371 15256611 15281882 15292373 15292374 15292417 15292718 15293101 15293903 15295017 15295970 15297318 15299175 15300255 15302189 15303858 15305258 15307160 15309218 15311099 15313118 15315125 15317263 15319251 15321490 15323752 15325987 15328264 15330696 15333297 15336397 15338684 15341646 15344818 15347606 15350398 15353593 15357281 15360927 15363702 15367657 15372008 15375674 15378915 15383731 15388750 15391418 15396372 15401865 15406199 15409680 15415224 15420480 15423379 15428206 15433064 15436334 15440630 15445532 15450159 15453231 15458067 15462798 15465900 15470747 15475550 15479105 15483623 15488811 15493967 15497074 15502491 15507844 15511406 15516494 15521983 15527629 15531096 15536996 15542785 15548713 15552806 15558560 15564959 15571395 15578003 15582899 15588504 15595525 15602487 15609958 15617466 15625276 15632997 15640974 15649970 15660897 15672068 15682478 15696301 15710310 15727366 15757602 15760536 15760537 15760661 15760963 15761385 15762277 15763300 15764453 15766229 15767585 15769350 15770578 15772468 15774439 15776101 15777698 15779392 15781250 15783276 15785355 15787472 15789710 15792197 15794329 15796552 15798968 15801367 15803917 15807032 15809232 15812189 15815206 15818388 15820948 15824327 15827725 15830563 15834332 15838583 15842406 15845375 15849945 15854380 15857458 15862576 15867404 15870352 15875575 15880799 15883756 15888906 15894271 15897441 15901914 15906705 15911435 15914003 15918955 15923815 15926825 15931485 15936245 15939527 15944304 15949245 15952795 15957563 15962734 15967545 15970789 15976326 15981801 15985372 15990654 15996343 16001781 16005220 16011050 16016902 16021647 16026674 16032712 16039021 16045566 16050009 16055978 16062897 16069722 16076628 16083997 16091685 16099078 16106843 16115441 16124235 16132892 16142261 16152864 16166232 16180405 16196459 16216953 16237628 16237629 16237687 16237917 16238377 16238974 16239866 16241152 16242232 16243772 16245034 16247101 16248353 16249711 16251609 16253595 16255332 16257168 16259043 16260908 16262876 16264759 16266867 16268916 16270817 16273480 16276137 16278377 16280768 16283332 16286335 16288797 16291677 16294251 16297370 16300087 16303297 16306619 16309342 16313165 16316729 16319629 16324054 16327991 16331149 16336045 16340738 16343539 16348775 16353578 16356396 16361892 16366866 16369953 16374974 16379694 16382693 16387116 16391064 16394368 16399205 16403756 16406583 16411648 16415391 16419021 16424133 16428585 16431953 16437028 16440793 16445413 16450514 16454661 16458825 16464199 16469314 16472725 16478363 16484110 16487621 16493347 16499440 16503295 16508706 16515081 16521403 16525895 16531339 16538163 16544827 16551834 16558853 16563848 16570407 16578098 16586010 16593882 16602045 16611209 16622722 16632971 16643529 16656978 16671683 16688759 16715052 16721222 states
 1 183502 349084 510904 686095 851464 1016696 1185232 1342553 1513115 1672739 1836880 2005383 2168074 2326898 2492670 2648939 2814384 2976979 3133141 3296432 3448546 3607673 3770983 3930859 4088151 4241805 4403121 4553431 4713168 4872923 5023313 5170465 5329636 5489021 5644374 5791908 5954316 6101976 6258955 6418591 6566461 6723401 6874827 7032175 7188396 7346806 7492232 7651270 7798075 7953018 8111923 8260142 8415650 8565202 8721275 8864665 9024744 9177629 9323054 9481350 9624053 9780741 9927824 10080811 10237855 10384737 10535542 10682471 10837873 10975853 11134907 11288923 11428810 11586476 11731403 11878505 12025896 12180074 12321486 12467596 12622588 12764994 12915731 13064692 13210393 13360557 13505555 13652166 13798934 13948850 14091075 14237615 14382556 14524651 14666568 14808168 14949426 15092046 15236418 15373863 15517016 15661373 15808050 15953071 16096207 16240460 16384140 16528574 16671898 16721222 states
Reachable states exploration and model construction done in 7681.528 secs.
Sorting reachable states list...

Time for model construction: 7699.668 seconds.

Type:        CTMC
States:      16721222 (1 initial)
Transitions: 130484890

---------------------------------------------------------------------

Verifying Prob .....

Starting transient probability computation...

Uniformisation: q.t = 1.6788230310472032 x 1000.0 = 1678.8230310472031
Fox-Glynn (1.25E-7): left = 1388, right = 2028
Transient probability computation took 2029 iters and 7695.3 seconds.

Time for model checking: 7695.433 seconds.

Result: 0.004767640498060576 (minimum bound)

Result: 0.9999999997955245 (maximum bound)

========================================================================
Approximation<2> : kappa = 2.5849394142282115E-26
========================================================================

---------------------------------------------------------------------

Building model...

Warning: Model contains one or more unbounded variables: model construction may not terminate

Computing reachable states...
Warning: Infinite State system: Reachability analysis based on reachabilityThreshold=2.5849394142282115E-26
 16721222 16721223 16721267 16721473 16721895 16722425 16723254 16723811 16724811 16726161 16727103 16728278 16730197 16731439 16732766 16734180 16735752 16737174 16738827 16740572 16742351 16743608 16745087 16746600 16748826 16750854 16752831 16754965 16756358 16758179 16759996 16761925 16763931 16766458 16768723 16771642 16774098 16776512 16778579 16780355 16782846 16785739 16788688 16791326 16795037 16798612 16801378 16805538 16807975 16811569 16813508 16817744 16819724 16824114 16828538 16831555 16836880 16839981 16843984 16846179 16850832 16853235 16857741 16862343 16864922 16869705 16872848 16876250 16878700 16882294 16886722 16889108 16894051 16896627 16901287 16905257 16908977 16913543 16915786 16920294 16922567 16926872 16929349 16934434 16939758 16941136 16946418 16948845 16953665 16956021 16961281 16963469 16968616 16973693 16977333 16982905 16985488 16991278 16996056 16999671 17005656 17011878 17015498 17021974 17027679 17030804 17036803 17043345 17046371 17053150 17060227 17067444 17075232 17083171 17090429 17095605 17102252 17110285 17117966 17127368 17139787 17151119 17165498 17184080 17210528 17213660 17213661 17213700 17213880 17214196 17214790 17215179 17216094 17216710 17218224 17219167 17220984 17222327 17223484 17224905 17226191 17227619 17229283 17230806 17232520 17234337 17236291 17238354 17240469 17242329 17244221 17245818 17247739 17250045 17252149 17254109 17256780 17259373 17261871 17264378 17267404 17269860 17272863 17275371 17277278 17279862 17282244 17285378 17287640 17291486 17295162 17297912 17302058 17306025 17308955 17313823 17317901 17320948 17325216 17328074 17333157 17335323 17340537 17343434 17348047 17352161 17354608 17358997 17361340 17365614 17367846 17372280 17374956 17379422 17383970 17386084 17390131 17392381 17396551 17399001 17403739 17406629 17411127 17413644 17417972 17420798 17424919 17428000 17432323 17437702 17440748 17445876 17451326 17454371 17460070 17465183 17468492 17474231 17480042 17483241 17489087 17495036 17498722 17504707 17510926 17515543 17521207 17527590 17534445 17540617 17545754 17552344 17559846 17567245 17575305 17582987 17591397 17600168 17608924 17618732 17629041 17642692 17653979 17670361 17692958 17714158 17714159 17714227 17714445 17714716 17715327 17716053 17716982 17718559 17719461 17720956 17722541 17723732 17725267 17726853 17728589 17730268 17731907 17733615 17735368 17736964 17738802 17740608 17742470 17744780 17747062 17748858 17750968 17752958 17755733 17757547 17760067 17762341 17765012 17767440 17770122 17773047 17775666 17778403 17781223 17784465 17787966 17790720 17794250 17798077 17800965 17805310 17808446 17812329 17817053 17819720 17824784 17829322 17832311 17837730 17840325 17845384 17850295 17853230 17858481 17860971 17865825 17870593 17873137 17877592 17880636 17884913 17889531 17892170 17897014 17900648 17904369 17909448 17912280 17917183 17922155 17924954 17930109 17933168 17938237 17943413 17946515 17951770 17956882 17960147 17965866 17969183 17974530 17980183 17983250 17989165 17995288 17998666 18004377 18010709 18015279 18020661 18027065 18033814 18037837 18044323 18051142 18058473 18065312 18071403 18077707 18085636 18093890 18102085 18110648 18120417 18132190 18143482 18155487 18169001 18185945 18213610 18222256 18222257 18222343 18222616 18222960 18223476 18224301 18225434 18226293 18228055 18229055 18230293 18232135 18233761 18235193 18236710 18238319 18240019 18241783 18243642 18245462 18247188 18248775 18250609 18252440 18254735 18256752 18258766 18260650 18263013 18265383 18267686 18269788 18272791 18275077 18277807 18280659 18283024 18286082 18288520 18291575 18294810 18297562 18300988 18304411 18307245 18311326 18313669 18318102 18322172 18324990 18329987 18332543 18337623 18342037 18345189 18350579 18353076 18358487 18361456 18366066 18371312 18373767 18378491 18381768 18385492 18390114 18392803 18397486 18400029 18404795 18409348 18412217 18417079 18419804 18424567 18428884 18432337 18437501 18440130 18445427 18449178 18453208 18458598 18461401 18466980 18471622 18475044 18480799 18483684 18489458 18495136 18498481 18504164 18509841 18513391 18519654 18525639 18529437 18535584 18542261 18546221 18552562 18559341 18566463 18571534 18577942 18584840 18592539 18600405 18608035 18616507 18624802 18634035 18643678 18653723 18667458 18678243 18694314 18713144 18739012 18739013 18739053 18739236 18739424 18739806 18740390 18741319 18742320 18743447 18744544 18746346 18747564 18748752 18750020 18751422 18752909 18754443 18756021 18757560 18759373 18761329 18763172 18764853 18766469 18768000 18770070 18772397 18774073 18775976 18778220 18780583 18782831 18785013 18787786 18789850 18792322 18795080 18797536 18799935 18802569 18805539 18808302 18810898 18814506 18817462 18820391 18824025 18826745 18830940 18833707 18837510 18841688 18844600 18849838 18852324 18857155 18861371 18864997 18870570 18873032 18878295 18881074 18886140 18890912 18893548 18898132 18900628 18905001 18907825 18912135 18916733 18919183 18924103 18926661 18931311 18934392 18938715 18943423 18946222 18951218 18953984 18958920 18962206 18966675 18972092 18974713 18979906 18982829 18988258 18993168 18996334 19002093 19005269 19010697 19016426 19019706 19025746 19031441 19034863 19040855 19045637 19050487 19057034 19062210 19067087 19073889 19080408 19085156 19091269 19098624 19106228 19113356 19118494 19126310 19134582 19143299 19151722 19160802 19172554 19184447 19195876 19209814 19226416 19252127 19262705 19262706 19262743 19262893 19263125 19263627 19264195 19264891 19266223 19267052 19268512 19269951 19271087 19272331 19273778 19275405 19276977 19278330 19279904 19281527 19283176 19284936 19286911 19288659 19290385 19291772 19293762 19296301 19297797 19299736 19301889 19303822 19305874 19307843 19310388 19312544 19314812 19317328 19320006 19322624 19324926 19327976 19330588 19333155 19336222 19338950 19342583 19344746 19348556 19352245 19355108 19358991 19361630 19366245 19368628 19373376 19377528 19380857 19385443 19388290 19393705 19395783 19401198 19403652 19408690 19411129 19416163 19420481 19423246 19427964 19430281 19434729 19437102 19441937 19444528 19448946 19452180 19456105 19460846 19463414 19468535 19471140 19476001 19478747 19483510 19486877 19491248 19496318 19498907 19504311 19506995 19512437 19516095 19520505 19526079 19528793 19534344 19537545 19543236 19548563 19551912 19557733 19561369 19566832 19572970 19576528 19582564 19588745 19592571 19598845 19605678 19610192 19616223 19623127 19630309 19635376 19642319 19649638 19657489 19665484 19673883 19682031 19691197 19700335 19710878 19722069 19735384 19747296 19767475 19796720 states
 1 170450 331961 507664 668818 836652 993951 1136772 1276079 1418597 1563550 1715978 1867924 2023216 2172544 2311525 2474258 2602954 2731639 2895352 3051874 3215574 3359068 3500767 3640285 3784575 3925066 4072574 4207357 4366588 4528355 4685250 4836101 4984894 5119383 5246877 5369511 5502697 5638692 5765907 5892973 6039847 6196572 6342263 6493644 6649589 6804400 6948300 7079165 7214119 7343295 7475832 7605718 7748067 7888378 8040643 8181838 8342752 8495536 8636388 8763071 8898939 9024550 9154813 9284907 9436631 9576819 9729146 9873198 10031702 10183436 10336994 10468540 10603306 10728117 10864903 11010063 11151498 11297931 11433575 11588173 11731765 11879290 12017653 12175694 12323827 12475668 12624743 12748851 12884216 13007778 13146792 13289938 13438681 13565970 13708831 13855139 14002659 14143266 14275670 14402726 14536782 14675888 14806257 14956292 15071589 15200463 15347389 15485440 15629722 15773526 15902862 16016002 16139589 16250608 16379143 16507766 16629587 16754879 16878682 17025873 17169016 17308221 17451899 17599159 17731656 17845630 17960848 18076744 18197725 18322130 18438272 18567656 18695524 18819236 18965799 19100225 19240444 19386939 19530406 19671442 19796720 states
Reachable states exploration and model construction done in 2660.9 secs.
Sorting reachable states list...

Time for model construction: 2680.987 seconds.

Type:        CTMC
States:      19796720 (1 initial)
Transitions: 154066711

---------------------------------------------------------------------

Verifying Prob .....

Starting transient probability computation...

Uniformisation: q.t = 1.7170728868949128 x 1000.0 = 1717.0728868949127
Fox-Glynn (1.25E-7): left = 1424, right = 2071
Transient probability computation took 2072 iters and 9510.303 seconds.

Time for model checking: 9510.741 seconds.

Result: 0.005190182376918944 (minimum bound)

Result: 0.9999999997873426 (maximum bound)

========================================================================
Approximation<3> : kappa = 4.0389678347315804E-28
========================================================================

---------------------------------------------------------------------

Building model...

Warning: Model contains one or more unbounded variables: model construction may not terminate

Computing reachable states...
Warning: Infinite State system: Reachability analysis based on reachabilityThreshold=4.0389678347315804E-28
 19796720 19796721 19796745 19796882 19797096 19797415 19797790 19798299 19799261 19799887 19800732 19802474 19803494 19804560 19805674 19806928 19808259 19809723 19811247 19812804 19814316 19815830 19817153 19818244 19819991 19821654 19823150 19824400 19826536 19828452 19830121 19831527 19833326 19834833 19837201 19838699 19840406 19842251 19843744 19845532 19847275 19849284 19851153 19853300 19855934 19858786 19860526 19862651 19864767 19866589 19869210 19870811 19874177 19876386 19879803 19882368 19885187 19887180 19890759 19892818 19896423 19898274 19902896 19904986 19909728 19911463 19915316 19917922 19919728 19924675 19926413 19931646 19933742 19938884 19941192 19945942 19947569 19951830 19954069 19956680 19960367 19962486 19966812 19969482 19973697 19974278 19976924 19980228 19982369 19986521 19988661 19993188 19995645 20000339 20002963 20007068 20008993 20013330 20015752 20018810 20022687 20026239 20030180 20035119 20037881 20042677 20045058 20049680 20052393 20056952 20059843 20064993 20067742 20073302 20076309 20081640 20084355 20089364 20092308 20097420 20100912 20105956 20111665 20115124 20121477 20125396 20131185 20137199 20140369 20146306 20151140 20155692 20162102 20165209 20172192 20179023 20185416 20191146 20199029 20206795 20214225 20219973 20226016 20234620 20242393 20251951 20261795 20274321 20287038 20305925 20337102 20337103 20337120 20337187 20337395 20337667 20338083 20338459 20339401 20340177 20341493 20342412 20343396 20344436 20345617 20346790 20348079 20349425 20350840 20352416 20354061 20355670 20357204 20358827 20360333 20361777 20363628 20364680 20366285 20367866 20369194 20371070 20372731 20374376 20376568 20378622 20380402 20382728 20384790 20387020 20389162 20390924 20392694 20394855 20396863 20398939 20400982 20403646 20406211 20408447 20411323 20413860 20417292 20418861 20421703 20423898 20426392 20429182 20431117 20435035 20437429 20441452 20443602 20448132 20450855 20454886 20456583 20460862 20463080 20465791 20469823 20471685 20477057 20479311 20484483 20487040 20491800 20493519 20497856 20499785 20502063 20505800 20507537 20511974 20514248 20518961 20521436 20525940 20528632 20533051 20536261 20540189 20544481 20547499 20552068 20554695 20559472 20562140 20567005 20569692 20574803 20577558 20582777 20585751 20590899 20595078 20598955 20604173 20607170 20612519 20615498 20621311 20624656 20629712 20635514 20638638 20644478 20648026 20653599 20659838 20662907 20669493 20675271 20679246 20685943 20690099 20696158 20702979 20709890 20714362 20721400 20728994 20736244 20741991 20749518 20757275 20765532 20774570 20784229 20794476 20805468 20818956 20830162 20847549 20870196 20886604 20886605 20886644 20886791 20887012 20887341 20887882 20888676 20889221 20890317 20891645 20892581 20893625 20894788 20896296 20897745 20899040 20900415 20901844 20903241 20904728 20906535 20908413 20909698 20911239 20912604 20914670 20916457 20918132 20919566 20922044 20923711 20925424 20927980 20929567 20931399 20933962 20936113 20938163 20940408 20942831 20945138 20947476 20950016 20952502 20955100 20957484 20960561 20963554 20966024 20969071 20971614 20975112 20977567 20981596 20983646 20988214 20990442 20994955 20997366 21001718 21004276 21008906 21011260 21016313 21018831 21023835 21026554 21031270 21034388 21038775 21042415 21046254 21050162 21053496 21058120 21060427 21064619 21067192 21071600 21074116 21078581 21081103 21085994 21088158 21093166 21095510 21100537 21102933 21108008 21110404 21115372 21117866 21122991 21125691 21130547 21133552 21138380 21142020 21146400 21151556 21154464 21159912 21162639 21168280 21170931 21176681 21179498 21185341 21190424 21194197 21200278 21203208 21209360 21212810 21218579 21225067 21228679 21235040 21241765 21245176 21251968 21258847 21263116 21269743 21277223 21282168 21288845 21296170 21304312 21312597 21320492 21329255 21338593 21347656 21357824 21369024 21380671 21395138 21413702 21441283 21443995 21443996 21444049 21444169 21444412 21444772 21445163 21445991 21446571 21447780 21448810 21449795 21450854 21452051 21453387 21454557 21455812 21457254 21458678 21460149 21461799 21463504 21464867 21466315 21467591 21469380 21471376 21472915 21474250 21476452 21478158 21479694 21481573 21483389 21485222 21487506 21489325 21490948 21493413 21495482 21497671 21499750 21501880 21504362 21506910 21509526 21511571 21514311 21516675 21519469 21521811 21524939 21527427 21530945 21533289 21536919 21539204 21543316 21545711 21549791 21552208 21556624 21558888 21563630 21565723 21570887 21573001 21578230 21580311 21585726 21587791 21593143 21595159 21600591 21602569 21607830 21609923 21614674 21616915 21621517 21623898 21628430 21630635 21635503 21637716 21642296 21644724 21649270 21651717 21656359 21658676 21663498 21665973 21670942 21673254 21678311 21680754 21685842 21688349 21693504 21696189 21701161 21703575 21708952 21711757 21717053 21719583 21725255 21728010 21733554 21736471 21741965 21745493 21750701 21756285 21759570 21765628 21768802 21774796 21778945 21784269 21790278 21793706 21800062 21806439 21810427 21817061 21823350 21827901 21834754 21841812 21845946 21853425 21860891 21868911 21876062 21882423 21890431 21899711 21909515 21919187 21932725 21943868 21956742 21973190 21999962 22009679 22009680 22009700 22009812 22009971 22010239 22010699 22011231 22011869 22012604 22013764 22014873 22015856 22016902 22018071 22019337 22020615 22021941 22023400 22025030 22026714 22028148 22029622 22030930 22032318 22034422 22035993 22037286 22038840 22041107 22042497 22043960 22046356 22047891 22049407 22051685 22053565 22055608 22057448 22059320 22061819 22063972 22066533 22068323 22070555 22072884 22075204 22077597 22080385 22082644 22085494 22087745 22090741 22093877 22096274 22099480 22102017 22105515 22108145 22111870 22114402 22118231 22121049 22125192 22127821 22130815 22134850 22137393 22141973 22144386 22149486 22151850 22157132 22159290 22164638 22166850 22172105 22174061 22179126 22181283 22185949 22187928 22192500 22194586 22199225 22201396 22205270 22208209 22212420 22215266 22217974 22222387 22225186 22229672 22231996 22236783 22239086 22244070 22246443 22251505 22253914 22259059 22261537 22266761 22269198 22274334 22276982 22282227 22284951 22290264 22293196 22298512 22301723 22306724 22310420 22315250 22320604 22323824 22329752 22332578 22338901 22341625 22348094 22351889 22357575 22363724 22367171 22373797 22377857 22383562 22390455 22394628 22401082 22408477 22413857 22419620 22427482 22434629 22440237 22447835 22455891 22464380 22473320 22482864 22492936 22503328 22515027 22528312 22544797 22565030 22584731 states
 1 162609 339392 502371 664443 833406 989488 1120317 1255417 1390289 1531401 1670452 1815147 1949168 2101393 2245468 2380545 2532167 2686943 2821817 2984696 3109193 3204560 3311717 3434989 3576748 3704625 3835067 3973767 4115647 4277444 4428163 4587087 4725097 4849902 4966821 5093621 5225826 5365743 5488810 5627071 5756897 5906470 6053789 6212162 6328385 6442936 6565023 6686935 6807907 6941564 7078797 7211262 7348275 7492192 7645456 7765589 7879959 8001631 8117296 8236838 8369378 8508706 8629697 8756857 8898080 9053659 9163179 9276248 9396012 9505394 9625193 9747647 9871562 9988240 10116005 10255177 10387230 10523153 10636369 10744881 10856622 10971155 11091030 11217354 11353610 11483126 11601123 11743350 11890954 12031099 12151141 12265493 12386382 12495381 12623678 12742311 12852359 12985309 13106142 13227828 13364208 13514931 13650623 13765439 13876961 13997997 14115665 14228071 14354345 14475660 14584451 14719474 14831739 14964854 15114358 15248185 15365508 15471414 15605769 15717422 15836463 15971846 16095051 16221329 16354474 16474410 16604406 16744597 16888290 16999428 17098598 17222353 17328748 17434919 17563423 17671356 17789842 17905422 18032435 18154572 18310062 18438536 18564183 18673233 18794521 18895571 19020089 19129189 19253429 19374873 19494919 19607378 19734532 19871414 19997998 20129281 20242415 20348116 20459355 20573040 20687876 20812067 20926583 21051024 21185807 21309984 21441174 21576246 21722918 21867647 21985230 22107406 22223156 22347158 22468483 22584731 states
Reachable states exploration and model construction done in 2757.626 secs.
Sorting reachable states list...

Time for model construction: 2779.963 seconds.

Type:        CTMC
States:      22584731 (1 initial)
Transitions: 175417386

---------------------------------------------------------------------

Verifying Prob .....

Starting transient probability computation...

Uniformisation: q.t = 1.7553058846034997 x 1000.0 = 1755.3058846034996
Fox-Glynn (1.25E-7): left = 1459, right = 2113
Transient probability computation took 2114 iters and 10411.317 seconds.

Time for model checking: 10411.406 seconds.

Result: 0.005531382619904113 (minimum bound)

Result: 0.9999999997793941 (maximum bound)

========================================================================
Approximation<4> : kappa = 1.2621774483536189E-29
========================================================================

---------------------------------------------------------------------

Building model...

Warning: Model contains one or more unbounded variables: model construction may not terminate

Computing reachable states...
Warning: Infinite State system: Reachability analysis based on reachabilityThreshold=1.2621774483536189E-29
 22584731 22584732 22584770 22584863 22585061 22585363 22585706 22586012 22586815 22587360 22588031 22588831 22589778 22590741 22591787 22592881 22593855 22594735 22595798 22596939 22598222 22599553 22601122 22602554 22603378 22604628 22605868 22606689 22608502 22609627 22610645 22612718 22614037 22615303 22617317 22618171 22619846 22620967 22622603 22623824 22625625 22627076 22629240 22630934 22632587 22634862 22636338 22638058 22639560 22641381 22643435 22645030 22646975 22648980 22651236 22653451 22656099 22658227 22660173 22662329 22663801 22666169 22668218 22670349 22672896 22674598 22678011 22680200 22683442 22685490 22687138 22690660 22692430 22694860 22698224 22699698 22704450 22706627 22711288 22713779 22717275 22720377 22721842 22726170 22728591 22729234 22734176 22736304 22738857 22743789 22746194 22751198 22753242 22757658 22759366 22761072 22765465 22767080 22770922 22772977 22774901 22779463 22781661 22786284 22788547 22793153 22794946 22796826 22800958 22803029 22807492 22809386 22811621 22815956 22818093 22823267 22825439 22830707 22832655 22835500 22839323 22841250 22846136 22847835 22850615 22854686 22857179 22862453 22865142 22870489 22873174 22878386 22880519 22885285 22887663 22890566 22894977 22897325 22902325 22905027 22910617 22913757 22919589 22922688 22928360 22930728 22936111 22938791 22944797 22947158 22952759 22955791 22962369 22965880 22972903 22977078 22983308 22990009 22993929 23000318 23007528 23011175 23018746 23025687 23030613 23038083 23047043 23055895 23065655 23074848 23084473 23093665 23103916 23114005 23131207 23149426 23166475 23166476 23166507 23166584 23166728 23166963 23167127 23167604 23167967 23168660 23169595 23170341 23171309 23172654 23173651 23174846 23176175 23177456 23178689 23179686 23181057 23182313 23183057 23184364 23185957 23186735 23188066 23190055 23191468 23192660 23194426 23196276 23197809 23199324 23201432 23202937 23204537 23205616 23207301 23208532 23210307 23211603 23213425 23214824 23216832 23218902 23220807 23222923 23225064 23227174 23229451 23231810 23233796 23235444 23237272 23239283 23241637 23243582 23245467 23247723 23249843 23252817 23255240 23258150 23260158 23261856 23264825 23266884 23270181 23272379 23273999 23277796 23280134 23284258 23286950 23288882 23293258 23294719 23297850 23301288 23303065 23307924 23309594 23311809 23316971 23318946 23324434 23325875 23329789 23332340 23334024 23338467 23340686 23342550 23347271 23349238 23354015 23356163 23360657 23363015 23366871 23369782 23371577 23375792 23377243 23379695 23383355 23385106 23389194 23391238 23393370 23398324 23400430 23405584 23407816 23412954 23415209 23420374 23422795 23427825 23430497 23435132 23438117 23442493 23446026 23449708 23453978 23457686 23462126 23466229 23470471 23475680 23478743 23484184 23487166 23492874 23495782 23501731 23504852 23510786 23513973 23519910 23523108 23529472 23533073 23538852 23544970 23548618 23555588 23559386 23565858 23572598 23576678 23583747 23591389 23596215 23603093 23610759 23618887 23626947 23632480 23640550 23649933 23660052 23670084 23682304 23694925 23708065 23725531 23755580 23758800 23758801 23758840 23759031 23759236 23759586 23759980 23760547 23761038 23762169 23763131 23764084 23765062 23766124 23767310 23768547 23769886 23771288 23772791 23774103 23775415 23776597 23777787 23779590 23781152 23782126 23783583 23785737 23786852 23788067 23790226 23791585 23792944 23795148 23796740 23798400 23800418 23802062 23804578 23806115 23807977 23809920 23811727 23814161 23816178 23818519 23820734 23823297 23825223 23827788 23829672 23832336 23834504 23837201 23839369 23842405 23844712 23847786 23850123 23853405 23855671 23858373 23861786 23864087 23868030 23870093 23874510 23876396 23880753 23882994 23887282 23889964 23893038 23897319 23899586 23904851 23906979 23912428 23914350 23919558 23921848 23924879 23929224 23931325 23936270 23938247 23943135 23945061 23949688 23951804 23956217 23958725 23961365 23965650 23967841 23972425 23974744 23979411 23981605 23986356 23988725 23993100 23995853 23998555 24003188 24005454 24010585 24012853 24018056 24020521 24025676 24027948 24033457 24036038 24041211 24043900 24048959 24051828 24057173 24059769 24065196 24068069 24073388 24076791 24081368 24085252 24090401 24093797 24099392 24102505 24108316 24111560 24118005 24121177 24127415 24130519 24136996 24143002 24146943 24153619 24157333 24164033 24170993 24175173 24182136 24189074 24193711 24201435 24209086 24215461 24221817 24230392 24239325 24248572 24258263 24267940 24279125 24290972 24305186 24323167 24347091 24358014 24358015 24358032 24358092 24358317 24358537 24358768 24359268 24359680 24360643 24361257 24362004 24362911 24364009 24365049 24366209 24367407 24368522 24369834 24371272 24372731 24373918 24375094 24376099 24377913 24379501 24380572 24381911 24383905 24385194 24386372 24388599 24389917 24391165 24393437 24394817 24396427 24398406 24399853 24402012 24403669 24405608 24407420 24409059 24411097 24412894 24415038 24417228 24419414 24421399 24423605 24425968 24428155 24430542 24432747 24435258 24437348 24440256 24442350 24445599 24447525 24450834 24452881 24456528 24458665 24462448 24464794 24468738 24471184 24473636 24477701 24479631 24484549 24486401 24491049 24493503 24496371 24500871 24502902 24508376 24510234 24515808 24517818 24521924 24525296 24527586 24532766 24534711 24539522 24541575 24546033 24548477 24550757 24555103 24557088 24561635 24563744 24568250 24570588 24573562 24577629 24579790 24584643 24586723 24591741 24593842 24598783 24600989 24604204 24608174 24610642 24615496 24617864 24623051 24625459 24630637 24632927 24638076 24640812 24645536 24648844 24652181 24656824 24659706 24664901 24667671 24673317 24675804 24681643 24684131 24690208 24693049 24698901 24701897 24707747 24710812 24716681 24720071 24726119 24730445 24735734 24741871 24745477 24751956 24755450 24761985 24766950 24772526 24779424 24783670 24790560 24798235 24802441 24810053 24818211 24825429 24831270 24839245 24848369 24857843 24867295 24877193 24888360 24899893 24915513 24932216 24958601 24965775 24965776 24965795 24965880 24966029 24966275 24966644 24966894 24967488 24968168 24968803 24969597 24970562 24971554 24972785 24973935 24974841 24976016 24977246 24978645 24980176 24981504 24982617 24983669 24985268 24986904 24988089 24989160 24991262 24992380 24993516 24995796 24997004 24998302 25000420 25001610 25003636 25005168 25006567 25008672 25010205 25012506 25014005 25016077 25017774 25019698 25021804 25023620 25025679 25027712 25029997 25032080 25034394 25036424 25038730 25041178 25043484 25046133 25048477 25051254 25053391 25056375 25058730 25060832 25064061 25066122 25069580 25071838 25075367 25077945 25080121 25084384 25086255 25090613 25092708 25096762 25099778 25101806 25106955 25108750 25114095 25116093 25118794 25123495 25125397 25130948 25132718 25138053 25140216 25142875 25147623 25149686 25154629 25156505 25161236 25163269 25165826 25170009 25171984 25176838 25178916 25183580 25185851 25188918 25192897 25195339 25200036 25202038 25207107 25209459 25214193 25216631 25219257 25224074 25226566 25231408 25233832 25238967 25241372 25246444 25249116 25254133 25256827 25259868 25264852 25267559 25272881 25275540 25281028 25283677 25289597 25292083 25297998 25300615 25306679 25309251 25315424 25318372 25324374 25327414 25333811 25336629 25343056 25346008 25352405 25357004 25362093 25368788 25372126 25379246 25382640 25389720 25396889 25400739 25408266 25415285 25420008 25427372 25435606 25443095 25448649 25457391 25466115 25475697 25485289 25496148 25506728 25518966 25533872 25553539 25582733 25583292 25583293 25583322 25583455 25583636 25583855 25584091 25584650 25585030 25585522 25586409 25587307 25588573 25589515 25590688 25591823 25592761 25593827 25594924 25595865 25597315 25598888 25600070 25601177 25602310 25604175 25605423 25606225 25608237 25609584 25610714 25612816 25614012 25615238 25617408 25618536 25620325 25621962 25623193 25625352 25626886 25629257 25630542 25632581 25634252 25636076 25637888 25639768 25641954 25643783 25645990 25647933 25650217 25652309 25654365 25656497 25658770 25661173 25663281 25666127 25668123 25670276 25673087 25675074 25677997 25680170 25683216 25685689 25687829 25691428 25693373 25697388 25699455 25703137 25705919 25708065 25712630 25714670 25719459 25721670 25726176 25729037 25731111 25736648 25738679 25744001 25746115 25748884 25753641 25755505 25760792 25762732 25767833 25769867 25772089 25776666 25778819 25783173 25785313 25789737 25792174 25794587 25799118 25801098 25806056 25808263 25812574 25815105 25817397 25822210 25824528 25829419 25831764 25836587 25838995 25843014 25846489 25848794 25854023 25856441 25861683 25864053 25869369 25871887 25877257 25880022 25883480 25888072 25890675 25896198 25898602 25904237 25906991 25912560 25915285 25921077 25923828 25929897 25932502 25938731 25941320 25947743 25950383 25956928 25959580 25966325 25969561 25976099 25979565 25985948 25992656 25996176 26003364 26007310 26013851 26021085 26024788 26032505 26040083 26044185 26052350 26060153 26066256 26073254 26082156 26091534 26100686 26111108 26121350 26133004 26146655 26160632 26181331 26207835 states
 1 177323 332379 494325 657639 795380 928679 1057543 1193032 1339683 1479922 1609909 1752633 1897402 2061032 2216828 2380839 2521778 2652020 2777639 2938796 3093017 3252849 3368817 3487145 3609827 3738227 3876160 3996003 4125478 4267598 4410189 4556818 4697511 4858454 5013115 5142265 5264931 5387884 5517765 5640386 5772336 5898255 6031637 6148826 6287323 6442832 6588807 6710426 6820994 6943979 7054477 7182936 7312591 7433467 7552779 7678808 7801674 7935933 8087818 8238507 8356495 8464744 8582842 8698266 8810427 8936915 9057992 9174470 9303005 9421606 9549480 9704357 9838302 9957929 10075801 10194055 10305606 10436806 10570725 10697545 10822911 10956961 11085575 11213017 11347298 11500446 11610304 11728862 11857050 11966252 12085165 12213620 12319954 12442338 12569199 12676310 12798762 12945060 13077577 13214628 13340499 13460376 13569137 13683054 13791733 13905527 14028451 14142952 14260391 14380067 14496071 14611730 14754118 14896183 15025851 15152361 15273936 15376050 15488633 15610726 15714664 15844969 15962234 16069160 16199526 16314395 16421091 16571104 16702962 16831483 16961529 17069244 17179555 17293327 17404392 17517738 17639840 17744574 17867801 17991052 18095824 18218314 18350228 18488797 18619911 18747616 18868543 18967888 19087136 19198570 19297896 19425920 19538393 19640977 19785114 19901137 20026930 20165269 20298346 20431373 20558492 20692204 20799301 20919451 21042065 21155934 21275736 21403724 21531269 21643905 21777306 21884500 22000038 22139850 22276862 22403947 22539617 22646559 22753745 22870481 22977756 23089975 23203179 23320600 23438948 23565065 23679678 23801079 23928709 24047255 24184685 24330476 24434030 24549676 24681092 24801884 24930548 25064313 25196862 25325582 25452199 25571080 25697164 25823907 25948283 26092993 26207835 states
Reachable states exploration and model construction done in 3742.801 secs.
Sorting reachable states list...

Time for model construction: 3771.164 seconds.

Type:        CTMC
States:      26207835 (1 initial)
Transitions: 203130447

---------------------------------------------------------------------

Verifying Prob .....

Starting transient probability computation...

Uniformisation: q.t = 1.7935498320107386 x 1000.0 = 1793.5498320107386
Fox-Glynn (1.25E-7): left = 1494, right = 2154
Transient probability computation took 2155 iters and 13336.824 seconds.

Time for model checking: 13336.938 seconds.

Result: 0.005938233147802627 (minimum bound)

Result: 0.9999999997715162 (maximum bound)

========================================================================
Approximation<5> : kappa = 1.9721522630525295E-31
========================================================================

---------------------------------------------------------------------

Building model...

Warning: Model contains one or more unbounded variables: model construction may not terminate

Computing reachable states...
Warning: Infinite State system: Reachability analysis based on reachabilityThreshold=1.9721522630525295E-31
 26207835 26207836 26207844 26207884 26207961 26208121 26208259 26208518 26208729 26209269 26209831 26210353 26210964 26211710 26212569 26213586 26214627 26215757 26216435 26217009 26218233 26219549 26220068 26221029 26222580 26223654 26224490 26225958 26227780 26228435 26229755 26230516 26231718 26232777 26233765 26235093 26236014 26237564 26238506 26240549 26241719 26243568 26244255 26245843 26246530 26248330 26249274 26250927 26252356 26253643 26255563 26257127 26258976 26260324 26261765 26262797 26264369 26266326 26267466 26269205 26270639 26272510 26274539 26276544 26279095 26280790 26282421 26284122 26285805 26287361 26289553 26291044 26292982 26295006 26296689 26299525 26301605 26303478 26306734 26308282 26310825 26313247 26314657 26316473 26319815 26320571 26322008 26325511 26327711 26329808 26334160 26336080 26340445 26342583 26344047 26347936 26350296 26351930 26356288 26358544 26360216 26362487 26367165 26369080 26374692 26376457 26379380 26383873 26385407 26387820 26391848 26393447 26395642 26399750 26401551 26405442 26407961 26409800 26414450 26416294 26421011 26422844 26424704 26428945 26430883 26432621 26437136 26438965 26440487 26445039 26446742 26449665 26453761 26455905 26460555 26462393 26464207 26468524 26470483 26472047 26476827 26478857 26480460 26485428 26487492 26491803 26494883 26497392 26502118 26503932 26506194 26510818 26512801 26515157 26519868 26521935 26526347 26529026 26531414 26537159 26539401 26545315 26547717 26553752 26556391 26562315 26565057 26570882 26573735 26579191 26582827 26587890 26591951 26597216 26601354 26607172 26610885 26616984 26620521 26627474 26630561 26637758 26641310 26648274 26655007 26659100 26666795 26672106 26676253 26681624 26688403 26696639 26705267 26712220 26719893 26728461 26738565 26748640 26760153 26772987 26787007 26804238 26829249 26842130 26842131 26842142 26842251 26842404 26842672 26842847 26843196 26843622 26844022 26844636 26845369 26846347 26847316 26848205 26849269 26850089 26851195 26852370 26853724 26855144 26856102 26857002 26858282 26859985 26861133 26861876 26863645 26865091 26865963 26867769 26869204 26870103 26872298 26873491 26874814 26876674 26877882 26880192 26881165 26883084 26884591 26886031 26887812 26889245 26891247 26892747 26894892 26896246 26898428 26900096 26902298 26903920 26906174 26907924 26910060 26912214 26914098 26916283 26918371 26920357 26922621 26924640 26926982 26929283 26932134 26934146 26935847 26939015 26941010 26944072 26946371 26948740 26952129 26953818 26957672 26959949 26962450 26966211 26968097 26972689 26974616 26977415 26981547 26983431 26988234 26990461 26992679 26997771 26999603 27004757 27007070 27009280 27014583 27016364 27021774 27023963 27026209 27031375 27033315 27038292 27040392 27042798 27047079 27048986 27053820 27055760 27059134 27062423 27064588 27069475 27071365 27076141 27078396 27080824 27085571 27087699 27092373 27094753 27097492 27101987 27104167 27109179 27111448 27116192 27118741 27121034 27126321 27128703 27133907 27136436 27139576 27144049 27146700 27151789 27154231 27159638 27162212 27167580 27170375 27174599 27178878 27182022 27187140 27189992 27195545 27198299 27204128 27206916 27212997 27215882 27222325 27225077 27231526 27234270 27240855 27243756 27250622 27253488 27260520 27264142 27270646 27275721 27280962 27288311 27291870 27299346 27306660 27310636 27318713 27324666 27330835 27338880 27347559 27353519 27362061 27371001 27381264 27391327 27402716 27413996 27429432 27446167 27471314 27483872 27483873 27483897 27483961 27484108 27484299 27484476 27484863 27485172 27485751 27486442 27487311 27488086 27488997 27490039 27491097 27491858 27492821 27493674 27494962 27496430 27497632 27498509 27499517 27501167 27502212 27503087 27504761 27506090 27507066 27508852 27510285 27511242 27513323 27514389 27515814 27517445 27518402 27520431 27521653 27523677 27524775 27526670 27528198 27529801 27531494 27533081 27534940 27536546 27538416 27540235 27541962 27544059 27545797 27548184 27549654 27551541 27553548 27555495 27557447 27559567 27561692 27563857 27566659 27568336 27570271 27572829 27574910 27577715 27579960 27581966 27585124 27586822 27590022 27592318 27594516 27598437 27600109 27603974 27606300 27608539 27612790 27614679 27618685 27621382 27623331 27628502 27630171 27634352 27637468 27639526 27645034 27646984 27649620 27654501 27656140 27661621 27663623 27666064 27670783 27672487 27677681 27679807 27681852 27686635 27688516 27693000 27695031 27697397 27702021 27704058 27708741 27710804 27712844 27717656 27719696 27724216 27726560 27728643 27733495 27735479 27740521 27742893 27745170 27750116 27752042 27757355 27759483 27762395 27766909 27769253 27774283 27776650 27781952 27784656 27787589 27792565 27795099 27800442 27802864 27808109 27810921 27813614 27819063 27821480 27827410 27829981 27835680 27838405 27843798 27847045 27851004 27855800 27858919 27864767 27868130 27873989 27877365 27883382 27886700 27893080 27896204 27902666 27906303 27912647 27917627 27922751 27929655 27933305 27940849 27944585 27951796 27958910 27963336 27971084 27978973 27984034 27992188 28001051 28009331 28017106 28024825 28035321 28046852 28058195 28072470 28084959 28104435 28134865 28135474 28135475 28135486 28135561 28135701 28135874 28136063 28136352 28136733 28137084 28137603 28138238 28139141 28140117 28140848 28141622 28142587 28143473 28144655 28145960 28147313 28148217 28149034 28150360 28152011 28153080 28153830 28155652 28156933 28157679 28159603 28160763 28161732 28163598 28164651 28166338 28167671 28168847 28170802 28171884 28173958 28175151 28177288 28178543 28180408 28181762 28183650 28185252 28187153 28188684 28190748 28192338 28194534 28195916 28198026 28199743 28201671 28203581 28205395 28207356 28209309 28211701 28213466 28215498 28217708 28219649 28221986 28224156 28226232 28228969 28230769 28233492 28235765 28237950 28240982 28242825 28246071 28248257 28250549 28254414 28256090 28259909 28262297 28264303 28268821 28270510 28274150 28277386 28279284 28284022 28286472 28288458 28293975 28295718 28300218 28303355 28305453 28310952 28312728 28315173 28320289 28322164 28327354 28329342 28331260 28336246 28338142 28341069 28344834 28346636 28351310 28353386 28355676 28360314 28362204 28366898 28369046 28371342 28376155 28377986 28382777 28384983 28387116 28391782 28393859 28398567 28400979 28403292 28408132 28410435 28413439 28417689 28419971 28425125 28427384 28432182 28434808 28437206 28442431 28444781 28449739 28452639 28455513 28460612 28463100 28468480 28471003 28474874 28479102 28481755 28487437 28490207 28495998 28498630 28504335 28507323 28512201 28516123 28519292 28525080 28527838 28534102 28537180 28543479 28546602 28552842 28555961 28562449 28565756 28572713 28576052 28582899 28587363 28593422 28600290 28604106 28611445 28615962 28623186 28630968 28635867 28643141 28651708 28657175 28665279 28673876 28683632 28693918 28703898 28715409 28726018 28740191 28755971 28780845 28795729 28795730 28795745 28795801 28795907 28796094 28796367 28796605 28796855 28797266 28798012 28798602 28799324 28800145 28801079 28802067 28802813 28803751 28804627 28805723 28807051 28808309 28808946 28809935 28811527 28812574 28813344 28815042 28816408 28817105 28819000 28820172 28821169 28822902 28823858 28825677 28826890 28828222 28829967 28830965 28832961 28834111 28836121 28837214 28839292 28840452 28842469 28843542 28845606 28846876 28848898 28850234 28852232 28853772 28855727 28857403 28859244 28860949 28863103 28865050 28866871 28869221 28870977 28872690 28874608 28876720 28879258 28881129 28882829 28885444 28887337 28890184 28892184 28894005 28896850 28899054 28901152 28904205 28905840 28909221 28911490 28913548 28917408 28919334 28922931 28925728 28927520 28931653 28934138 28935901 28940860 28942576 28945103 28949699 28951461 28955922 28958900 28960649 28966349 28968062 28970300 28975506 28977497 28980834 28984890 28986924 28992073 28994005 28996033 29000840 29002765 29006826 29009292 29011077 29015904 29017696 29020098 29024483 29026483 29031380 29033397 29035700 29040351 29042437 29045108 29049538 29051473 29056545 29058613 29060985 29065627 29067702 29072817 29075028 29077283 29082238 29084528 29087672 29091979 29094012 29099513 29101615 29105053 29109478 29111600 29117141 29119255 29124250 29127265 29129880 29135280 29137712 29143455 29146005 29149256 29154219 29156965 29162619 29165227 29170944 29173955 29178724 29182685 29185826 29191706 29194546 29200815 29203643 29209988 29212984 29219745 29222456 29229409 29232256 29239246 29242540 29249417 29253000 29259920 29264582 29270893 29278285 29282044 29289914 29294707 29301780 29309973 29315794 29323145 29331662 29340953 29348951 29357220 29366392 29378011 29389685 29403813 29416916 29438636 29463732 states
 1 156798 313410 471944 643760 809507 972578 1139781 1300871 1459422 1612968 1775782 1930993 2082409 2244170 2393481 2554030 2702151 2850189 3010913 3160287 3307208 3463813 3610222 3758727 3916713 4059339 4207588 4365780 4509057 4656090 4800031 4957144 5083063 5202019 5323995 5446710 5553594 5687347 5801383 5936967 6055567 6192354 6307530 6451874 6592750 6720906 6866337 7013351 7120615 7271548 7416489 7530623 7651868 7766671 7869340 7995749 8103422 8223072 8342024 8468537 8589799 8713313 8847882 8975583 9107030 9257723 9394062 9526532 9680918 9815702 9950383 10102326 10233218 10372982 10522445 10654844 10792846 10938343 11075186 11210902 11354064 11493183 11625482 11773461 11882290 11995373 12093224 12208043 12326431 12428293 12556501 12669264 12790227 12906164 13034341 13163582 13288490 13441196 13564669 13697132 13848806 13975333 14111696 14261927 14386553 14526086 14673658 14797505 14937962 15082924 15210113 15349968 15493132 15596756 15718199 15820155 15928673 16040560 16144914 16262747 16372075 16503313 16609514 16727947 16847326 16963398 17092933 17234412 17376426 17522800 17656114 17790114 17942883 18056529 18161247 18271164 18388955 18487353 18600646 18719663 18825851 18945183 19062468 19182372 19283755 19419462 19527780 19653309 19808314 19930293 20065343 20213551 20335280 20478909 20588497 20684270 20809630 20915346 21022609 21134911 21261513 21361973 21495531 21609784 21719699 21862069 21979726 22115071 22251079 22369476 22522337 22650221 22781309 22928689 23040076 23168503 23293888 23411977 23547020 23656944 23789811 23924627 24049882 24190610 24308270 24439140 24568511 24702902 24826710 24974425 25096993 25240200 25380577 25514554 25654058 25768194 25871453 25977683 26093466 26202117 26314820 26429451 26543630 26662501 26773736 26893951 27007683 27117062 27241158 27355850 27504361 27631947 27755294 27872075 27972050 28091625 28202241 28316151 28428767 28549132 28664411 28778637 28903166 29020033 29144707 29262145 29388618 29463732 states
Reachable states exploration and model construction done in 3654.566 secs.
Sorting reachable states list...

Time for model construction: 3686.829 seconds.

Type:        CTMC
States:      29463732 (1 initial)
Transitions: 228005503

---------------------------------------------------------------------

Verifying Prob .....

Starting transient probability computation...

Uniformisation: q.t = 1.8165150609782315 x 1000.0 = 1816.5150609782315
Fox-Glynn (1.25E-7): left = 1515, right = 2180
Transient probability computation took 2181 iters and 14879.506 seconds.

Time for model checking: 14879.629 seconds.

Result: 0.006268191132737379 (minimum bound)

Result: 0.9999999997666544 (maximum bound)

========================================================================
Approximation<6> : kappa = 6.162975822039155E-33
========================================================================

---------------------------------------------------------------------

Building model...

Warning: Model contains one or more unbounded variables: model construction may not terminate

Computing reachable states...
Warning: Infinite State system: Reachability analysis based on reachabilityThreshold=6.162975822039155E-33
