STAMINA
=====
Version: 1.1

PRISM
=====

Version: 4.5
Date: Sun Mar 07 00:56:04 MST 2021
Hostname: el176-deeplearning
Memory limits: cudd=1g, java(heap)=120g

Type:        CTMC
Modules:     YFP_protein BM3R1_protein AmtR_protein PhlF_protein BetI_protein SrpR_protein HlyIIR_protein topModel_PhlFpart_module_sub__pAmtR topModel_PhlFpart_module_sub__pSrpR topModel_YFPpart_module_sub__pPhlF topModel_YFPpart_module_sub__pBetI topModel_Inverter1_module_sub__Inverter1_fc topModel_Inverter2_module_sub__Inverter2_fc topModel_AmtRpart_module_sub__pHlyIIR topModel_AmtRpart_module_sub__pBAD topModel_HlyIIRpart_module_sub__pBAD topModel_HlyIIRpart_module_sub__pTet topModel_BetIpart_module_sub__pHlyIIR topModel_BetIpart_module_sub__pTet reaction_rates 
Variables:   YFP_protein BM3R1_protein AmtR_protein PhlF_protein BetI_protein SrpR_protein HlyIIR_protein topModel_PhlFpart_module_sub__pAmtR topModel_PhlFpart_module_sub__pSrpR topModel_YFPpart_module_sub__pPhlF topModel_YFPpart_module_sub__pBetI topModel_Inverter1_module_sub__Inverter1_fc topModel_Inverter2_module_sub__Inverter2_fc topModel_AmtRpart_module_sub__pHlyIIR topModel_AmtRpart_module_sub__pBAD topModel_HlyIIRpart_module_sub__pBAD topModel_HlyIIRpart_module_sub__pTet topModel_BetIpart_module_sub__pHlyIIR topModel_BetIpart_module_sub__pTet 

Generator:   stamina.InfCTMCModelGenerator
Type:        CTMC

========================================================================
Approximation<1> : kappa = 1.0
========================================================================

---------------------------------------------------------------------

Building model...

Warning: Model contains one or more unbounded variables: model construction may not terminate

Computing reachable states...
Warning: Infinite State system: Reachability analysis based on reachabilityThreshold=1.0
 52929 105774 164788 198847 267624 292480 330330 374578 442212 471319 498961 528522 576012 640752 697072 723876 750990 780287 805842 842443 887181 938810 1017257 1050043 1074928 1093027 1115080 1140982 1169339 1198641 1232745 1267713 1309603 1354320 1411496 1483320 1503696 1524225 1547443 1568968 1589677 1614236 1638113 1664425 1692534 1722034 1752686 1784105 1819837 1860929 1905680 1961702 2034194 2052142 2070580 2091214 2111576 2132023 2154167 2174941 2195839 2217635 2240274 2264574 2288695 2314661 2341937 2369853 2397206 2427518 2461563 2498079 2535637 2579493 2639699 2685496 2702155 2718618 2737014 2755335 2773262 2791157 2811335 2832106 2851068 2871713 2891322 2912791 2933353 2953935 2976337 2998771 3020302 3043726 3067913 3091540 3117825 3144288 3169064 3198242 3230542 3264930 3300754 3348905 3411271 3425763 3441846 3457571 3474092 3492036 3509872 3527076 3545070 3563893 3583117 3602466 3620739 3640105 3659694 3679200 3697727 3717863 3737634 3757558 3776701 3798060 3818325 3839164 3861892 3883844 3906975 3930153 3954144 3977991 4003305 4031576 4060695 4092117 4126513 4170467 4211099 4224291 4239197 4254633 4270174 4285712 4302384 4319033 4335636 4351299 4368480 4384265 4401161 4418927 4436002 4453299 4470657 4488344 4506760 4524345 4541975 4559159 4576795 4594149 4611030 4629848 4648731 4667120 4684902 4704742 4724764 4744282 4762217 4781467 4802108 4822080 4843076 4865744 4889286 4913423 4938261 4965615 4993083 5024605 5067874 5090541 5104575 5118207 5132684 5147974 5162443 5177431 5191763 5206895 5222775 5238124 5253194 5269114 5285187 5300929 5316508 5332693 5348187 5364978 5379962 5396599 5412857 5428719 5444774 5460654 5476975 5493634 5509867 5525969 5541932 5559083 5574452 5589846 5606440 5624218 5641211 5657843 5674591 5693237 5711390 5728967 5745920 5764867 5783397 5802775 5823053 5843660 5863745 5884430 5907787 5933280 5958299 5988167 6032602 6040443 6053623 6067701 6081405 6095438 6110073 6123886 6138928 6153167 6166688 6180800 6195733 6209598 6223174 6237595 6251377 6265804 6280219 6291459 6305631 6321082 6335252 6350053 6364564 6380452 6395178 6409337 6424841 6439832 6454032 6470722 6485585 6500341 6516667 6530594 6545452 6561066 6576454 6591491 6607434 6622259 6638079 6653978 6669420 6686445 6702714 6718644 6735619 6751193 6767467 6785168 6803945 6820472 6837465 6856486 6873725 6885886 6904191 6926247 6947648 6971628 6998632 7021588 7055300 7063920 7077025 7090196 7101727 7113622 7127745 7140321 7154773 7168476 7180796 7193518 7206490 7218301 7230351 7244297 7258218 7272323 7284788 7296154 7308021 7321783 7334515 7347704 7360007 7371628 7385711 7399394 7412587 7426585 7438074 7450049 7463893 7478756 7491587 7506260 7521521 7533137 7547340 7560399 7576989 7591538 7605371 7617805 7631402 7646331 7659213 7672592 7684931 7698646 7711856 7726986 7740609 7754398 7766022 7782842 7797098 7813335 7827868 7840027 7854967 7869981 7886757 7903193 7916868 7931296 7947641 7964631 7982568 7996782 8011104 8028273 8048468 8067239 8084037 8106070 8130847 8166277 8173296 states
 1 122543 236984 343823 456841 561644 672292 787944 897575 991259 1086973 1185730 1283250 1394825 1503024 1588801 1684071 1780919 1885668 1994166 2098858 2206044 2306747 2416079 2522228 2621614 2730668 2828628 2936258 3034350 3138066 3236483 3339461 3417586 3500514 3599775 3703387 3808985 3905360 4011531 4105459 4210656 4310340 4408143 4507675 4604593 4703203 4799934 4898914 4993507 5092249 5189514 5287949 5387100 5485481 5580999 5679010 5777880 5871274 5975107 6068506 6168067 6265976 6364267 6459487 6557395 6658828 6754943 6856069 6952412 7050095 7149307 7245620 7339118 7440248 7541358 7638739 7740175 7839356 7939900 8036961 8119878 8173296 states
Reachable states exploration and model construction done in 1388.95 secs.
Sorting reachable states list...

Time for model construction: 1401.565 seconds.

Type:        CTMC
States:      8173296 (1 initial)
Transitions: 89648077

---------------------------------------------------------------------

Verifying Prob .....

Starting transient probability computation...

Uniformisation: q.t = 1.02 x 1000.0 = 1020.0
Fox-Glynn (1.25E-7): left = 794, right = 1293
Transient probability computation took 1294 iters and 4345.263 seconds.

Time for model checking: 4345.377 seconds.

Result: 0.7346295869902932 (minimum bound)

Result: 0.9084264085138438 (maximum bound)

========================================================================
Approximation<2> : kappa = 3.725290298461914E-9
========================================================================

---------------------------------------------------------------------

Building model...

Warning: Model contains one or more unbounded variables: model construction may not terminate

Computing reachable states...
Warning: Infinite State system: Reachability analysis based on reachabilityThreshold=3.725290298461914E-9
 8181888 8194180 8206714 8219912 8232594 8245754 8258653 8271311 8284070 8296969 8310270 8322543 8335165 8348273 8360530 8372561 8385346 8398100 8410077 8421762 8434449 8446330 8456656 8466886 8478638 8491750 8504408 8514984 8528223 8541177 8552634 8561874 8574607 8586364 8600377 8613045 8626061 8639408 8651693 8665009 8677844 8689735 8703425 8715819 8729935 8742400 8756687 8769115 8782103 8795261 8808370 8820057 8834992 8847131 8861049 8874044 8888351 8898648 8912597 8926148 8940744 8953307 8968245 8981565 8997050 9009986 9024896 9039341 9054708 9069489 9082725 9098285 9114461 9129416 9145139 9162155 9179227 9195778 9213619 9231230 9249409 9268428 9286666 9307082 9329328 9355662 9380522 9392004 9403642 9416033 9427436 9439816 9451131 9462485 9475225 9487894 9500759 9509680 9522571 9534677 9546633 9558549 9570678 9583464 9595207 9607886 9620012 9632984 9644241 9656269 9667849 9680911 9693817 9706782 9717969 9731257 9742356 9754936 9766941 9780181 9791368 9804514 9816949 9829218 9841354 9852973 9865283 9878507 9889925 9903572 9915816 9927982 9940882 9951557 9964377 9976957 9990726 10002919 10014731 10028420 10040316 10052944 10064819 10078920 10091676 10104010 10117740 10128336 10142660 10155533 10170034 10182827 10195174 10209480 10219922 10234781 10246889 10260374 10273662 10288303 10301263 10313415 10328747 10342793 10357310 10370972 10385306 10398490 10414516 10429299 10444254 10460507 10475320 10492817 10509356 10525701 10543992 10560622 10577686 10595372 10614359 10636175 10658551 10686046 10696120 10707003 10717190 10728504 10739848 10751729 10763066 10773763 10785233 10796256 10807735 10818198 10829823 10841249 10852248 10863434 10875273 10886538 10897240 10908953 10921195 10932750 10943444 10956104 10966922 10979677 10990683 11002378 11013109 11024993 11037214 11048808 11059951 11072518 11083934 11095852 11107755 11119212 11130736 11141258 11154440 11165981 11177062 11188474 11198597 11211942 11223387 11235163 11247090 11257538 11270216 11281219 11292793 11304441 11316479 11328264 11340392 11349370 11362874 11374437 11386059 11397311 11409466 11422283 11434328 11444675 11457991 11469461 11480682 11492989 11505142 11517847 11529927 11541420 11554674 11565831 11576611 11590135 11602051 11613958 11627435 11637778 11651468 11664324 11677029 11690978 11702171 11716752 11729279 11742543 11756859 11770298 11785072 11796980 11812332 11824419 11840562 11854792 11871639 11885185 11900988 11916195 11931908 11950334 11967077 11984517 12001591 12019499 12038712 12059002 12086423 12093556 states
 1 119865 228502 343336 451337 555239 664080 766114 876901 981389 1088647 1196907 1297942 1406249 1506749 1612428 1719050 1819813 1924016 2024451 2128081 2232950 2327879 2433668 2522280 2627071 2721228 2823309 2920920 3020011 3113445 3213563 3306769 3404328 3506455 3600437 3701144 3797610 3893685 3996045 4093663 4186753 4289687 4379042 4480077 4580589 4675708 4770966 4869772 4956924 5057668 5154315 5247716 5349126 5438067 5536556 5634802 5727451 5826521 5916101 6002584 6100633 6200447 6284463 6377175 6475876 6564993 6661538 6755040 6847383 6943295 7036438 7129272 7221681 7320072 7414160 7503699 7602188 7690225 7783625 7877162 7971600 8065001 8158189 8253269 8340995 8440513 8530132 8623453 8722941 8811471 8906059 9000472 9093774 9189949 9283016 9374182 9471509 9565078 9656643 9755863 9844617 9939656 10038223 10126702 10226112 10322303 10418240 10510877 10603618 10696535 10789976 10891359 10979943 11081593 11177369 11268178 11368790 11465708 11557295 11658625 11759399 11856983 11957770 12056680 12093556 states
Reachable states exploration and model construction done in 1264.703 secs.
Sorting reachable states list...

Time for model construction: 1282.08 seconds.

Type:        CTMC
States:      12093556 (1 initial)
Transitions: 132100632

---------------------------------------------------------------------

Verifying Prob .....

Starting transient probability computation...

Uniformisation: q.t = 1.02 x 1000.0 = 1020.0
Fox-Glynn (1.25E-7): left = 794, right = 1293
Transient probability computation took 1294 iters and 6487.941 seconds.

Time for model checking: 6487.993 seconds.

Result: 0.7377384948948417 (minimum bound)

Result: 0.7876584004072904 (maximum bound)

========================================================================

Property: P=? [ true U[0,1000] (YFP_protein>=30) ]

ProbMin: 0.7377384948948417 (minimum bound)

ProbMax: 0.7876584004072904 (maximum bound)

========================================================================
