STAMINA
=====
Version: 1.1

PRISM
=====

Version: 4.5
Date: Fri Mar 12 16:50:26 MST 2021
Hostname: el176-deeplearning
Memory limits: cudd=1g, java(heap)=120g

Type:        CTMC
Modules:     YFP_protein BM3R1_protein AmtR_protein PhlF_protein BetI_protein SrpR_protein HlyIIR_protein topModel_PhlFpart_module_sub__pAmtR topModel_PhlFpart_module_sub__pSrpR topModel_YFPpart_module_sub__pPhlF topModel_YFPpart_module_sub__pBetI topModel_Inverter1_module_sub__Inverter1_fc topModel_Inverter2_module_sub__Inverter2_fc topModel_AmtRpart_module_sub__pHlyIIR topModel_AmtRpart_module_sub__pBAD topModel_HlyIIRpart_module_sub__pBAD topModel_HlyIIRpart_module_sub__pTet topModel_BetIpart_module_sub__pHlyIIR topModel_BetIpart_module_sub__pTet reaction_rates 
Variables:   YFP_protein BM3R1_protein AmtR_protein PhlF_protein BetI_protein SrpR_protein HlyIIR_protein topModel_PhlFpart_module_sub__pAmtR topModel_PhlFpart_module_sub__pSrpR topModel_YFPpart_module_sub__pPhlF topModel_YFPpart_module_sub__pBetI topModel_Inverter1_module_sub__Inverter1_fc topModel_Inverter2_module_sub__Inverter2_fc topModel_AmtRpart_module_sub__pHlyIIR topModel_AmtRpart_module_sub__pBAD topModel_HlyIIRpart_module_sub__pBAD topModel_HlyIIRpart_module_sub__pTet topModel_BetIpart_module_sub__pHlyIIR topModel_BetIpart_module_sub__pTet 

Generator:   stamina.InfCTMCModelGenerator
Type:        CTMC

========================================================================
Approximation<1> : kappa = 1.0
========================================================================

---------------------------------------------------------------------

Building model...

Warning: Model contains one or more unbounded variables: model construction may not terminate

Computing reachable states...
Warning: Infinite State system: Reachability analysis based on reachabilityThreshold=1.0
 63427 117082 168731 223155 264879 318042 373306 402772 436825 486544 537206 605853 638109 665231 700947 740643 776543 812647 852521 911278 984403 1022668 1050886 1082460 1116529 1149400 1184423 1222461 1263350 1304924 1353643 1406944 1463356 1524915 1594764 1615651 1639726 1665027 1697935 1725238 1756182 1787917 1815705 1851238 1885254 1923596 1960823 2003114 2042887 2082973 2134536 2186490 2237095 2296268 2362564 2442633 2461739 2481396 2505281 2527636 2553097 2580577 2607217 2633736 2660757 2687986 2716166 2744024 2769364 2799334 2835203 2865073 2896444 2925944 2966036 3001276 3033864 3066867 3107481 3148376 3190665 3232211 3280984 3329183 3375847 3429917 3490177 3562433 3639088 3651769 3669584 3688409 3709531 3732417 3755649 3777753 3800236 3823406 3844780 3873916 3897019 3919778 3946886 3971791 3991713 4026206 4048988 4075103 4103425 4125771 4161866 4184201 4218951 4244445 4277796 4308525 4336479 4372398 4397562 4436331 4467524 4509683 4543170 4576223 4619249 4656645 4694553 4737722 4779985 4824248 4867643 4914351 4962800 5014047 5073254 5129600 5202813 5254276 5268571 5285529 5300681 5317045 5336078 5355235 5377176 5396791 5415036 5435741 5456881 5472720 5501907 5519327 5543633 5562187 5585241 5604931 5630345 5647690 5674925 5688197 5720075 5735462 5763932 5785802 5808959 5836095 5849239 5882653 5903244 5930542 5958905 5972970 6008065 6029666 6055822 6088209 6103309 6138217 6164417 6189208 6222977 6243713 6278584 6303496 6324328 6361468 6388159 6425982 6456829 6487645 6528877 6557170 6595404 6624803 6668684 6704143 6747158 6778665 6820770 6865517 6906031 6948857 6995516 7044083 7095683 7148611 7207078 7266243 7343114 7372071 7384580 7398284 7415397 7432858 7448303 7464637 7477612 7500099 7517267 7532614 7554924 7567483 7595401 7605917 7633845 7644533 7671231 7685881 7709677 7729608 7746299 7771739 7784043 7809785 7831639 7842297 7871836 7890446 7907192 7933357 7951364 7971862 7999623 8015387 8036592 8061747 8080260 8099196 8127875 8148175 8161605 8192956 8219498 8230816 8261857 8288644 8304375 8329683 8356506 8379259 8399541 8429722 8457809 8471453 8506151 8536998 8552609 8581150 8611858 8636218 8662440 8687986 8715103 8731402 8764642 8796579 8817899 8850026 8883930 8906491 8930743 8963727 8994043 9022014 9058185 9082846 9108403 9139340 9173321 9202823 9234544 9263042 9299130 9335599 9355230 9396151 9428045 9466531 9503507 9534575 9573895 9607468 9645606 9682578 9718678 9762130 9811113 9863767 9914766 9967150 10028069 10087374 10097010 10110357 10123330 10137887 10151734 10168160 10181922 10194313 10212770 10223098 10244391 10255144 10276871 10288091 10306351 10323477 10336877 10359271 10371140 10389109 10411073 10419332 10439511 10461596 10471175 10486587 10507682 10522677 10532207 10559140 10576509 10584911 10599661 10624338 10643064 10652654 10673898 10692109 10710846 10720475 10743910 10767947 10782774 10791054 10810538 10834865 10856536 10866512 10885795 10907491 10924501 10938600 10950429 10977637 10999952 11019833 11029175 11045098 11067544 11089462 11106999 11119529 11143267 11163483 11184245 11197672 11210479 11239927 11263780 11286758 11297771 11314906 11342538 11363335 11384170 11397460 11421882 11445319 11468036 11485020 11498471 11525473 11548118 11571355 11587406 11602098 11633195 11660714 11685870 11697312 11711518 11740864 11768638 11794379 11806853 11827049 11858894 11885555 11905722 11919338 11945246 11971737 12004122 12019804 12032285 12064115 12091649 12120502 12136992 12166791 12192455 12215934 12234450 12254128 12291360 12320063 12341570 12359590 12395374 12427562 12451113 12474699 12505532 12536474 12555615 12582915 12616036 12647372 12674949 12713990 12744651 12780663 12813177 12836118 12874445 12911989 12950728 12968590 12997720 13038281 13073773 13122156 13165064 13204323 13253042 13293764 13347056 13411194 13484525 13504134 states
 1 115581 214906 312978 410623 519316 616610 734192 838533 931029 1027021 1129314 1227737 1339412 1442199 1529715 1618666 1717347 1811805 1920477 2015509 2120964 2229534 2329372 2430660 2531295 2634463 2733121 2834365 2927957 3015636 3095070 3190866 3286551 3388905 3488038 3584862 3683378 3784358 3880680 3970983 4074716 4170385 4264973 4356863 4455500 4554624 4647669 4737682 4835390 4926967 5022374 5109685 5204903 5296121 5388208 5478858 5571168 5664103 5755234 5843924 5914517 5992121 6071062 6149485 6231411 6306701 6389698 6472510 6561585 6654127 6739939 6832321 6921973 7012287 7103180 7184234 7278842 7366240 7457509 7544446 7625942 7721596 7808239 7895842 7973137 8048036 8130780 8214251 8298199 8381700 8464501 8555540 8637952 8715830 8793944 8867800 8956512 9037659 9125999 9205767 9281203 9361863 9440893 9522631 9603850 9684601 9772802 9848303 9926294 9998051 10081305 10161431 10244633 10326711 10407568 10486008 10560922 10638659 10714623 10797563 10877841 10961293 11037618 11117383 11191547 11269839 11345594 11427664 11509661 11592131 11672386 11746407 11822184 11894050 11972435 12053447 12131053 12213171 12293861 12367899 12442715 12514832 12594924 12675146 12754407 12835285 12917225 12990197 13067532 13139509 13212318 13288261 13367124 13450361 13504134 states
Reachable states exploration and model construction done in 1855.96 secs.
Sorting reachable states list...

Time for model construction: 1878.395 seconds.

Type:        CTMC
States:      13504134 (1 initial)
Transitions: 162746626

---------------------------------------------------------------------

Verifying Prob .....

Starting transient probability computation...

Uniformisation: q.t = 1.1363369091687983 x 1000.0 = 1136.3369091687982
Fox-Glynn (1.25E-7): left = 897, right = 1424
Transient probability computation took 1425 iters and 8427.089 seconds.

Time for model checking: 8427.197 seconds.

Result: 0.01564421372373746 (minimum bound)

Result: 0.9999999659430947 (maximum bound)

========================================================================
Approximation<2> : kappa = 1.4901161193847656E-8
========================================================================

---------------------------------------------------------------------

Building model...

Warning: Model contains one or more unbounded variables: model construction may not terminate

Computing reachable states...
Warning: Infinite State system: Reachability analysis based on reachabilityThreshold=1.4901161193847656E-8
 13512097 13525235 13536528 13550032 13564183 13575234 13588741 13601477 13613133 13625100 13640232 13647009 13666551 13676123 13688722 13706298 13715714 13734530 13750835 13758580 13774696 13792501 13804065 13816902 13835352 13851308 13858416 13876324 13895670 13908388 13915431 13933377 13949568 13968280 13976590 13995710 14012872 14030141 14038516 14046758 14071491 14090988 14105496 14113549 14128879 14149625 14165108 14179409 14188740 14210301 14227681 14245704 14257150 14266394 14282352 14306858 14324110 14338935 14346898 14356767 14380478 14400766 14420437 14428508 14437587 14446909 14473886 14493535 14509537 14522672 14533608 14549540 14568846 14588877 14610396 14620225 14631786 14654940 14675049 14693020 14711495 14722804 14731924 14756619 14778403 14800179 14816908 14828222 14837596 14860886 14883122 14905468 14925477 14936638 14947034 14967716 14989720 15008943 15032418 15045123 15055917 15074436 15100205 15119433 15143153 15157758 15168320 15180258 15210019 15228944 15248667 15270155 15283376 15296746 15326324 15345650 15364690 15388435 15400632 15413521 15440444 15467396 15487646 15511454 15525031 15537925 15560034 15588697 15612215 15638745 15652567 15664117 15690448 15714425 15736865 15764640 15781323 15785660 15800573 15833813 15859262 15884800 15905517 15920095 15947541 15972029 15996089 16023588 16039274 16055421 16095170 16119256 16149007 16166437 16179802 16216137 16242021 16276026 16294236 16309072 16341986 16370714 16401333 16418395 16440639 16478950 16507609 16533674 16548662 16584367 16609416 16640218 16661519 16698766 16727657 16758298 16775096 16812550 16838838 16870181 16899190 16935613 16969870 16998730 17032154 17067104 17096856 17132723 17164042 17207639 17243851 17280575 17315880 17353950 17391389 17427883 17471519 17522788 17571415 17617957 17669502 17723679 17732225 17738147 17748396 17758006 17766593 17778988 17791401 17799747 17816184 17824760 17840972 17849220 17867424 17877022 17892954 17907318 17914523 17930564 17943903 17952255 17964067 17978951 17993399 18001782 18021229 18036007 18045151 18052459 18070126 18084927 18098637 18107446 18125620 18144601 18159531 18168037 18185450 18204311 18223457 18231697 18240789 18263788 18282958 18297897 18307425 18321362 18343462 18361485 18376214 18385144 18402375 18422678 18440009 18455629 18465491 18477784 18501838 18518868 18537767 18547702 18557422 18577737 18598634 18615852 18631512 18642045 18651742 18675399 18695257 18712904 18728359 18739267 18749118 18774772 18794402 18811950 18829015 18839717 18849845 18869628 18892304 18909644 18929162 18941706 18952077 18962138 18991691 19009247 19027260 19045458 19057531 19066810 19086645 19110341 19130446 19149655 19163977 19175737 19186289 19211405 19232615 19250121 19272793 19286266 19296525 19306419 19334071 19354600 19374053 19395653 19409479 19420364 19431651 19458795 19480329 19500901 19522951 19536189 19548121 19559947 19587936 19609179 19629236 19653528 19667342 19678861 19690525 19720423 19740953 19761387 19784182 19800791 19813543 19825670 19854497 19876360 19897919 19923483 19939694 19952405 19964398 19992479 20014761 20037870 20062541 20080438 20092875 20104276 20133865 20158585 20180730 20206185 20224344 20238333 20250194 20280317 20305953 20327379 20355203 20371709 20384841 20398853 20431567 20456401 20479854 20507628 20524208 20537873 20560743 20591031 20615892 20642915 20664429 20680429 20693710 20729235 20753136 20778080 20805534 20824026 20837428 20869767 20895650 20922441 20951563 20971205 20984862 21017598 21043889 21069711 21101555 21119307 21135164 21172428 21198809 21227738 21256752 21273211 21304759 21332085 21361246 21391913 21409834 21437179 21470707 21497716 21529357 21548633 21578207 21610408 21641118 21669761 21686684 21726931 21755807 21790065 21809439 21847559 21880663 21907779 21922863 21954827 21983822 22011939 22030979 22065247 22094122 22127811 22158424 22197062 22231669 22268412 22308323 22338833 22385089 22419957 22468096 22507010 22553944 22602574 22647604 22694139 22739202 22793248 22843805 22858206 22862607 22870948 22880195 22891421 22903803 22915809 22925591 22940309 22949143 22965110 22974484 22988554 23001965 23008594 23022783 23034141 23041973 23051517 23068211 23080305 23087797 23105310 23119850 23129818 23137963 23157284 23172836 23183440 23191513 23209177 23225595 23239317 23247875 23260345 23277959 23292519 23306118 23313939 23327805 23345655 23361682 23375315 23383922 23392389 23414515 23430659 23447000 23456657 23465244 23481153 23499259 23516861 23532144 23541532 23550214 23567668 23585101 23601734 23618637 23629023 23637372 23650229 23670502 23688292 23704673 23717321 23726481 23735037 23755230 23772958 23788626 23806472 23817849 23827463 23835996 23856865 23874647 23891121 23909383 23920777 23930926 23938944 23957849 23978427 23995279 24010419 24026317 24036815 24045864 24055193 24080071 24096570 24113969 24132953 24145194 24155586 24164695 24177551 24201853 24221697 24238708 24256698 24268299 24278115 24287202 24302631 24327165 24345825 24363869 24381086 24392526 24403818 24413008 24425985 24451343 24469678 24486430 24505645 24520238 24532666 24541400 24551134 24574411 24593992 24611455 24629676 24647008 24660510 24670318 24679804 24690409 24718896 24738081 24754904 24773235 24789383 24801644 24812352 24822025 24840744 24863524 24881455 24899932 24919585 24935222 24948819 24957934 24967763 24991110 25013892 25033158 25050803 25072101 25085162 25098314 25108372 25118123 25145836 25165826 25183480 25204038 25224540 25239724 25252815 25260708 25269854 25292159 25312788 25329895 25346162 25364660 25382491 25396902 25409324 25420166 25437231 25465265 25486216 25506758 25530107 25545312 25557863 25568871 25577831 25589501 25615329 25633955 25652443 25670272 25692977 25711808 25726810 25737846 25749996 25780658 25804668 25824254 25845916 25869611 25886973 25898756 25909526 25935385 25961155 25982623 26003777 26031685 26048262 26062368 26074492 26096490 26124780 26148600 26170027 26198404 26217099 26231209 26242853 26266327 26296577 26318311 26341452 26371133 26384417 26396924 26407418 26419305 26448227 26471185 26489668 26510755 26538269 26556869 26570935 26584038 26617065 26642392 26665042 26694169 26717612 26735540 26748112 26778218 26805615 26831272 26857726 26885014 26903265 26916300 26947874 26977435 27001823 27036130 27057753 27070388 27082550 27114938 27140250 27160695 27185424 27213238 27228279 27240703 27276946 27303268 27329815 27363299 27378478 27393649 27426930 27457795 27489869 27519252 27535993 27549436 27584619 27609064 27640303 27664914 27680717 27708207 27737452 27766174 27801188 27821509 27858614 27891365 27926066 27949498 27986671 28014919 28046827 28067767 28096452 28126069 28159892 28181655 28212531 28245818 28278424 28302452 28346055 28385893 28423462 28462946 28500997 28546840 28589754 28642069 28684285 28723832 28774790 28824305 28871014 28926365 28951376 28955277 28962583 28971805 28982504 28995088 29004358 29015803 29026565 29038635 29047097 29059060 29067028 29073381 29086930 29098334 29104703 29117963 29129251 29138242 29146233 29161871 29174720 29183907 29190705 29208607 29221478 29232288 29240306 29254930 29269314 29284065 29292729 29300105 29318049 29333071 29347501 29355454 29362587 29381672 29396417 29411890 29421906 29429438 29441166 29459449 29475273 29490218 29499718 29507014 29520957 29538245 29554587 29570443 29580145 29588653 29595999 29618556 29634809 29649469 29663364 29672977 29680878 29694947 29715149 29730910 29746843 29758544 29768562 29776757 29789936 29810591 29825850 29840822 29856664 29867486 29875607 29883543 29906214 29923032 29938025 29955736 29967149 29977550 29985410 29993760 30018468 30035631 30049284 30066427 30078293 30089172 30096827 30105423 30127566 30145667 30161109 30178416 30191014 30201762 30211182 30219516 30233470 30256119 30273743 30288085 30304464 30317565 30328640 30337729 30345132 30365310 30385952 30402835 30419923 30437278 30448434 30459453 30468379 30476562 30496890 30518323 30534171 30548955 30567526 30581394 30593135 30602332 30610071 30623196 30647258 30666375 30683082 30699325 30715483 30727250 30738551 30747223 30755532 30780750 30801064 30819096 30833763 30852936 30867349 30879730 30889748 30897920 30906980 30933586 30953687 30971716 30990147 31008115 31020708 31032245 31040410 31047024 31054677 31072243 31093459 31107460 31122224 31136315 31153176 31166681 31179779 31191783 31200136 31209726 31228081 31250678 31270812 31288042 31304719 31323514 31337168 31350727 31359780 31368173 31384190 31410304 31428409 31445575 31465041 31485291 31499173 31512596 31521626 31529394 31537018 31557601 31576804 31593429 31609690 31623545 31643790 31658767 31670464 31683353 31693326 31702082 31719142 31745626 31764100 31782999 31802028 31822769 31837762 31852806 31863212 31873313 31883775 31915315 31934536 31952990 31971394 31994574 32010795 32026797 32038153 32048308 32058764 32088124 32109196 32127470 32147578 32169963 32187972 32202888 32216773 32227241 32237277 32262348 32286633 32308153 32326159 32346368 32369477 32385751 32400348 32409804 32420226 32438762 32463076 32480846 32496395 32515469 32538334 32553691 32566886 32582015 32590980 32601001 32616896 32647655 32670520 32691496 32712879 32736797 32753259 32770479 32779832 32789135 32801633 32832864 32851942 32871955 32889667 32908813 32931190 32945056 32958983 32970289 32980908 33006697 33034721 33058104 33078804 33104387 33126450 33145493 33157682 33168571 33184766 33213654 33232421 33251583 33269720 33295108 33315718 33330218 33343436 33353216 33363987 33396854 33421854 33443434 33469436 33496753 33516228 33531454 33544674 33572158 33597205 33615788 33635546 33658062 33683530 33696511 33712466 33723935 33735410 33766515 33790599 33809599 33833658 33865927 33886450 33901650 33915231 33946819 33976101 34002219 34031138 34054890 34073014 34084720 34097228 34125949 34147228 34171421 34193273 34223117 34243175 34256354 34269475 34302088 34329116 34356809 34392132 34414827 34430779 34457006 34488775 34510910 34533111 34562219 34582000 34594328 34625669 34648478 34670750 34702290 34725882 34741116 34766287 34799653 34829415 34862378 34884187 34910317 34945674 34974285 35010329 35028833 35065506 35097010 35130972 35156291 35183167 35212644 35238975 35268242 35284693 35323107 35353759 35384043 35408907 35443516 35473125 35504116 35540855 35579921 35610411 35658250 35697057 35743317 35789437 35832193 35871974 35913668 35961790 36013159 36064693 36077145 states
 1 96587 198760 305902 415271 528563 636776 734184 822075 912193 997473 1093612 1190490 1280180 1383206 1480034 1568430 1670258 1770084 1845940 1944896 2031851 2117256 2203960 2282822 2372454 2460155 2556034 2643596 2732046 2822981 2915640 3013124 3105517 3192728 3298286 3397869 3492291 3575274 3647222 3729868 3817711 3900431 3981492 4065278 4151533 4236510 4325323 4411726 4503235 4601074 4697530 4782941 4877411 4976767 5071031 5154149 5230161 5308814 5384508 5463808 5545353 5628785 5715244 5805136 5888734 5967753 6049592 6141896 6236194 6323937 6417878 6513531 6591765 6667080 6734060 6812037 6893809 6979347 7064453 7156296 7236966 7328152 7407064 7483989 7579192 7670990 7758012 7850321 7926540 8000439 8071447 8138311 8208512 8274893 8360617 8441084 8520380 8598610 8686401 8766129 8847451 8929253 9010109 9101036 9181137 9255425 9329917 9404132 9481398 9557009 9640986 9714299 9784194 9857257 9935178 10013861 10089052 10168914 10255514 10343085 10426982 10500176 10565699 10630163 10697787 10772977 10844577 10922801 10996727 11068729 11150300 11227670 11305512 11380670 11458765 11536380 11617384 11705172 11777862 11844182 11914824 11985278 12058760 12131106 12209509 12281168 12350209 12421311 12491125 12571624 12650851 12724362 12803170 12887922 12979002 13050671 13119472 13186312 13249528 13316670 13381500 13453178 13532475 13605159 13675378 13741147 13814609 13890738 13969601 14048751 14129530 14205460 14283765 14356885 14427085 14497379 14563608 14634007 14699900 14772469 14848762 14921540 14997072 15069320 15135807 15205152 15272617 15350755 15439602 15521056 15598942 15684509 15754827 15821792 15891272 15959655 16027782 16090750 16153757 16222836 16298916 16375945 16447511 16515855 16590254 16661569 16741202 16821986 16906125 16978328 17042102 17101850 17163142 17231935 17306269 17374294 17442951 17510314 17576305 17655756 17727992 17803893 17876399 17944239 18013748 18084123 18161769 18248056 18324794 18393599 18455320 18522566 18587960 18661930 18731782 18804688 18878210 18946563 19017612 19083183 19158911 19235773 19312695 19387112 19464543 19547949 19630589 19709511 19781857 19849199 19915996 19977745 20042776 20106249 20182984 20254652 20332091 20400947 20471759 20550520 20624928 20703888 20777036 20853611 20926856 20997042 21073173 21150422 21219325 21281148 21347583 21408645 21478013 21546116 21618799 21689524 21767714 21835728 21904997 21970690 22044604 22122429 22194828 22272363 22346882 22426652 22507635 22591652 22662921 22734885 22797983 22863150 22924208 22994775 23068727 23142598 23211622 23284814 23350629 23429328 23505336 23576633 23654217 23720518 23789217 23858404 23938325 24018618 24099850 24166473 24232504 24295876 24368251 24435460 24505715 24571984 24637556 24696164 24760215 24826404 24896857 24969870 25034658 25103642 25168506 25243232 25316968 25398342 25474834 25548732 25607372 25665233 25724789 25799692 25867117 25937715 26000762 26061270 26130313 26195378 26266929 26332795 26399592 26458808 26521949 26586608 26662427 26733315 26812440 26883846 26966306 27039259 27104476 27169453 27226457 27285751 27341378 27403320 27471133 27539443 27606472 27668701 27737352 27805814 27878910 27946491 28016689 28075563 28138294 28206061 28286453 28366459 28438195 28512554 28579986 28647934 28710940 28776521 28838819 28896884 28960732 29029522 29099004 29161754 29231871 29306343 29373744 29447764 29513567 29579950 29640184 29713145 29790070 29868097 29939174 30018798 30094322 30158015 30218131 30271647 30329089 30392295 30455795 30520959 30580077 30642632 30712972 30776319 30845612 30904097 30965309 31033059 31099182 31167803 31228072 31297342 31373716 31453582 31526280 31590670 31672329 31736482 31797007 31857349 31918808 31982394 32041917 32102443 32164065 32233906 32303781 32366955 32443545 32515130 32586818 32654200 32724187 32800407 32866805 32942577 33017092 33090377 33161139 33237721 33311814 33379805 33450068 33511834 33573626 33645978 33709394 33776868 33848515 33911692 33974327 34046268 34117926 34188130 34254917 34315242 34379915 34445468 34515162 34578850 34642075 34718178 34794946 34869781 34944819 35020472 35084772 35142053 35204791 35260875 35324537 35387391 35444464 35510331 35569454 35630495 35698142 35756285 35823762 35893447 35952668 36022686 36077145 states
Reachable states exploration and model construction done in 4965.715 secs.
Sorting reachable states list...
