STAMINA
=====
Version: 1.1

PRISM
=====

Version: 4.5
Date: Sat Mar 06 19:20:38 MST 2021
Hostname: el176-deeplearning
Memory limits: cudd=1g, java(heap)=120g

Type:        CTMC
Modules:     YFP_protein BM3R1_protein AmtR_protein PhlF_protein BetI_protein SrpR_protein HlyIIR_protein topModel_PhlFpart_module_sub__pAmtR topModel_PhlFpart_module_sub__pSrpR topModel_YFPpart_module_sub__pPhlF topModel_YFPpart_module_sub__pBetI topModel_Inverter1_module_sub__Inverter1_fc topModel_Inverter2_module_sub__Inverter2_fc topModel_AmtRpart_module_sub__pHlyIIR topModel_AmtRpart_module_sub__pBAD topModel_HlyIIRpart_module_sub__pBAD topModel_HlyIIRpart_module_sub__pTet topModel_BetIpart_module_sub__pHlyIIR topModel_BetIpart_module_sub__pTet reaction_rates 
Variables:   YFP_protein BM3R1_protein AmtR_protein PhlF_protein BetI_protein SrpR_protein HlyIIR_protein topModel_PhlFpart_module_sub__pAmtR topModel_PhlFpart_module_sub__pSrpR topModel_YFPpart_module_sub__pPhlF topModel_YFPpart_module_sub__pBetI topModel_Inverter1_module_sub__Inverter1_fc topModel_Inverter2_module_sub__Inverter2_fc topModel_AmtRpart_module_sub__pHlyIIR topModel_AmtRpart_module_sub__pBAD topModel_HlyIIRpart_module_sub__pBAD topModel_HlyIIRpart_module_sub__pTet topModel_BetIpart_module_sub__pHlyIIR topModel_BetIpart_module_sub__pTet 

Generator:   stamina.InfCTMCModelGenerator
Type:        CTMC

========================================================================
Approximation<1> : kappa = 1.0
========================================================================

---------------------------------------------------------------------

Building model...

Warning: Model contains one or more unbounded variables: model construction may not terminate

Computing reachable states...
Warning: Infinite State system: Reachability analysis based on reachabilityThreshold=1.0
 51751 110343 151150 210695 241964 286177 348699 372687 409104 457077 533195 559744 582669 613825 651182 696451 750435 814675 831216 855113 882817 911999 943593 979145 1017812 1063249 1120209 1192218 1212434 1238373 1262817 1287859 1313687 1339634 1366878 1398510 1430368 1466441 1506453 1550729 1601393 1677358 1701015 1720807 1744412 1766025 1787982 1810160 1833682 1858471 1882864 1910250 1934763 1964212 1997211 2029441 2066820 2106297 2150544 2201310 2262123 2318316 2336058 2354771 2373684 2394658 2413884 2434549 2455110 2473434 2494537 2516107 2537085 2560847 2582965 2606839 2630963 2657331 2685433 2712338 2741234 2773931 2804154 2838793 2875677 2915585 2960850 3011594 3076003 3114449 3129355 3145733 3162663 3181505 3201190 3218003 3237825 3256005 3274338 3293468 3313367 3333990 3353335 3374219 3395699 3417260 3438612 3461415 3484089 3508131 3531495 3556554 3583158 3610401 3637517 3665963 3694506 3724168 3756988 3790517 3826575 3866805 3910722 3955156 4011061 4080147 4104356 4119157 4133528 4150107 4166655 4183522 4200318 4214597 4230745 4247969 4267586 4285675 4302902 4320655 4339587 4358231 4375057 4394431 4414036 4434893 4454352 4475060 4492426 4513281 4535481 4556414 4577279 4596036 4620453 4642955 4666244 4686917 4712541 4738720 4763298 4790151 4816095 4843285 4870729 4901251 4932589 4965676 4999316 5035385 5078460 5121139 5169872 5230393 5281275 5293284 5308181 5323111 5338071 5353453 5369591 5386900 5404174 5420220 5437605 5454028 5470039 5486801 5502729 5518491 5535573 5552445 5570530 5584741 5602863 5619167 5637559 5653690 5672941 5691435 5706788 5725487 5744650 5761702 5780607 5798484 5817072 5836623 5853810 5873479 5895103 5913269 5933133 5951524 5974690 5996701 6017658 6040260 6062683 6085142 6107560 6132433 6156749 6179491 6206685 6232391 6261982 6287749 6307912 6340653 6374855 6408903 6449729 6482828 6529910 6587294 6653789 6666347 6680230 6694867 6708640 6722821 6739271 6754722 6770763 6786612 6803250 6819771 6835097 6851075 6867454 6883631 6898806 6912735 6929960 6945293 6958355 6975338 6992302 7005785 7022924 7039176 7054625 7071017 7085615 7102945 7119382 7137168 7153878 7170068 7187920 7204746 7222034 7238770 7256059 7272355 7290787 7307793 7324412 7341219 7358272 7375765 7395305 7413238 7433354 7451284 7470734 7490362 7511762 7531048 7554439 7572906 7595786 7618299 7638989 7658748 7678970 7701536 7723847 7751639 7773589 7794350 7817531 7845232 7873005 7899421 7923982 7957048 7991063 8028684 8063184 8102792 8152738 8202199 8214272 8227125 8237953 8249434 8262586 8277462 8291416 8306087 8319682 8332896 8347379 8362583 8378275 8392629 8407621 8422182 8434783 8451095 8466126 8477882 8490933 8503694 8518392 8530891 8546871 8557469 8570616 8583237 8598585 8611658 8625709 8637604 8653569 8666534 8682682 8695340 8709871 8724771 8740506 8754646 8767843 8783028 8796125 8813101 8829319 8845405 8858968 8871389 8887110 8901765 8914743 8928948 8943457 8961165 8977119 8992117 9003895 9019135 9035031 9049643 9061254 9079127 9095231 9111301 9129034 9146213 9165257 9178717 9194802 9213028 9232427 9250834 9268329 9289139 9301724 9318372 9338721 9358921 9379326 9397593 9416031 9435388 9455540 9477273 9496427 9516848 9539159 9562399 9587621 9612771 9634707 9659385 9685603 9718591 9757392 9792194 9827834 9867690 9906879 states
 1 120591 230278 331542 427485 520670 623921 737633 847393 944827 1036681 1133259 1225011 1336154 1441088 1545072 1652217 1752223 1859567 1960359 2064557 2162253 2267286 2368769 2474630 2571242 2675404 2771373 2875455 2970711 3074806 3169873 3267442 3366895 3464658 3555589 3657586 3753661 3850194 3948052 4040450 4136928 4228759 4326016 4422405 4511500 4589063 4675196 4768931 4865483 4960403 5055185 5153235 5245274 5339750 5433129 5527160 5623067 5716869 5810121 5900764 5992462 6087806 6174410 6268808 6363256 6452657 6546643 6636205 6729094 6822489 6912195 7003006 7095636 7185825 7280153 7369259 7462567 7551480 7626515 7706017 7785745 7867336 7946470 8026707 8109443 8200226 8286123 8361924 8445602 8539269 8632710 8725317 8819308 8910719 9008345 9099200 9191190 9289803 9381766 9479099 9574459 9668933 9768654 9866551 9906879 states
Reachable states exploration and model construction done in 1558.887 secs.
Sorting reachable states list...

Time for model construction: 1573.409 seconds.

Type:        CTMC
States:      9906879 (1 initial)
Transitions: 110703641

---------------------------------------------------------------------

Verifying Prob .....

Starting transient probability computation...

Uniformisation: q.t = 1.02 x 1000.0 = 1020.0
Fox-Glynn (1.25E-7): left = 794, right = 1293
Transient probability computation took 1294 iters and 5124.689 seconds.

Time for model checking: 5124.81 seconds.

Result: 0.17849089430051668 (minimum bound)

Result: 0.7757035350241436 (maximum bound)

========================================================================
Approximation<2> : kappa = 3.725290298461914E-9
========================================================================

---------------------------------------------------------------------

Building model...

Warning: Model contains one or more unbounded variables: model construction may not terminate

Computing reachable states...
Warning: Infinite State system: Reachability analysis based on reachabilityThreshold=3.725290298461914E-9
 9914990 9923602 9934755 9945539 9958424 9970914 9983382 9996651 10010233 10024139 10038065 10050461 10063126 10076421 10089387 10104384 10118174 10130724 10144231 10156914 10172513 10183825 10199269 10210641 10224988 10236851 10249268 10261723 10274852 10286969 10301589 10314208 10327645 10340531 10352155 10366362 10379521 10393791 10406984 10421096 10433069 10445590 10460255 10473803 10488384 10500652 10513221 10527978 10541628 10553257 10566884 10580820 10594448 10607696 10621285 10636582 10650259 10662165 10678133 10689222 10702044 10717987 10732297 10743980 10760949 10776016 10789328 10803251 10820627 10833675 10846603 10863263 10879967 10894421 10908232 10924645 10939905 10953572 10970526 10989380 11003549 11019973 11034627 11051839 11069111 11084386 11100368 11119364 11136506 11152303 11167948 11186696 11205240 11224076 11242593 11259805 11279780 11298135 11318502 11337680 11357516 11377671 11401329 11424075 11445479 11466132 11491083 11518788 11544459 11570853 11601029 11636475 11670973 11711035 11759951 11763163 11774280 11785093 11796389 11807745 11819739 11832262 11843031 11855178 11867711 11879694 11892237 11905057 11918187 11930035 11944034 11956832 11969589 11983372 11995430 12009234 12021442 12035562 12048485 12061508 12074583 12085501 12100303 12112588 12127210 12138584 12151619 12162975 12174617 12187771 12200593 12213626 12225613 12236918 12250359 12262928 12274203 12286986 12300178 12313019 12324962 12336484 12351107 12363324 12374295 12388243 12400579 12411773 12426022 12437958 12449376 12464294 12476694 12488054 12502018 12514584 12525705 12540989 12553457 12565838 12580246 12584311 12598092 12609281 12624873 12638880 12650275 12665415 12678642 12691283 12706864 12718035 12733706 12746274 12759337 12775550 12786598 12800316 12816860 12826663 12841847 12857385 12869513 12885420 12899985 12912446 12928742 12943256 12956995 12973719 12987317 13000912 13017661 13031457 13045580 13063004 13079023 13091514 13108688 13125776 13139655 13155899 13174143 13189741 13207269 13222632 13241090 13258914 13276143 13293201 13308374 13327652 13346385 13365517 13385217 13404340 13418067 13440826 13462742 13486611 13510622 13534566 13563493 13592952 13622472 13657312 13695338 13736689 13757836 13767056 13778121 13788572 13798191 13809951 13821267 13833301 13845269 13855427 13867603 13878452 13889391 13902347 13915267 13927838 13939913 13952175 13964970 13976293 13989713 14001652 14015203 14026722 14037322 14052356 14064201 14079071 14091288 14104846 14117465 14128023 14143589 14155714 14168376 14179656 14192253 14205810 14216649 14227778 14241821 14255005 14265179 14277840 14290299 14301740 14313900 14327353 14339170 14350460 14364297 14373754 14386039 14398968 14409250 14423577 14435258 14446518 14460327 14471286 14483568 14497448 14507358 14520783 14529519 14544429 14557147 14568707 14582316 14592951 14607057 14617692 14630948 14644161 14654370 14668498 14679300 14693307 14701745 14717074 14730416 14741449 14755478 14766332 14781833 14791189 14806307 14819265 14831355 14843245 14855522 14869403 14879907 14895843 14908217 14922530 14934109 14946943 14961287 14971961 14987498 14998944 15015038 15025134 15037678 15052465 15064483 15081046 15093303 15108774 15119757 15132498 15149220 15159849 15175964 15189870 15202145 15219036 15233010 15246419 15263758 15278046 15291687 15308712 15323418 15337519 15354617 15370589 15384730 15402025 15421671 15438615 15453739 15469524 15489758 15506647 15526244 15544811 15563704 15583678 15606934 15628977 15650594 15674481 15701156 15727113 15757552 15786011 15822981 15857240 15889380 15898117 15908703 15918102 15928798 15938648 15949241 15958395 15969800 15980321 15991767 16002155 16013227 16023064 16034048 16044575 16055891 16066965 16078870 16090704 16102647 16113774 16125655 16137024 16147936 16160654 16173433 16185373 16197174 16209184 16221747 16233420 16244303 16258993 16270005 16280088 16296070 16307116 16316062 16331532 16343227 16352998 16366994 16377332 16387371 16400949 16411719 16422734 16435333 16445491 16457260 16468815 16478400 16491098 16499920 16513418 16524219 16534740 16546551 16557118 16568308 16578291 16591986 16601512 16613727 16622656 16635536 16646360 16657799 16670182 16680091 16692252 16702230 16715918 16724842 16738025 16747560 16761250 16771194 16783748 16792498 16806470 16815666 16829891 16837672 16851826 16861144 16875384 16883970 16898119 16907698 16920771 16930111 16944917 16953784 16967533 16976880 16991856 16999968 17014115 17024429 17039717 17047734 17060519 17070971 17082528 17093618 17107111 17118413 17129674 17141075 17154386 17166230 17177040 17188907 17201754 17213548 17224212 17236007 17249953 17261818 17272946 17284313 17298109 17310139 17321212 17333842 17347255 17358758 17369793 17381940 17396624 17407587 17424355 17433894 17448872 17458610 17474332 17487856 17499736 17512174 17524776 17541450 17552433 17567125 17583871 17593744 17609638 17624868 17637113 17653510 17668118 17680051 17697091 17714317 17727381 17742933 17761652 17779069 17796101 17814363 17831063 17846686 17868005 17886923 17905933 17926820 17945655 17970999 17997169 18022856 18049850 18083397 18116248 18154965 18162862 18172377 18181982 18191242 18200797 18210055 18219780 18229800 18238919 18249349 18260950 18271262 18281713 18292497 18303267 18313438 18324569 18334668 18345697 18355740 18367494 18378152 18388832 18398760 18410932 18421815 18433167 18443217 18454166 18465944 18477503 18488782 18500669 18511152 18522183 18534030 18545711 18557358 18567431 18580327 18591195 18599649 18614007 18624989 18634805 18645063 18657558 18668715 18677021 18690424 18700435 18711992 18722038 18733180 18743836 18753612 18765087 18774607 18785364 18795117 18807736 18816678 18827694 18836114 18848664 18857527 18869357 18878298 18891066 18899790 18911291 18920902 18931579 18941822 18952804 18963153 18972887 18984967 18995383 19007052 19014405 19028377 19036653 19048063 19057233 19069132 19078326 19089041 19100710 19108067 19121891 19130122 19142816 19151654 19163341 19173071 19184042 19195129 19202360 19216580 19224861 19236743 19247355 19258067 19268305 19279626 19291099 19298817 19313477 19321272 19333584 19345054 19351336 19365207 19373867 19387180 19396734 19407378 19418066 19428706 19441366 19448783 19463687 19471533 19483566 19495245 19502327 19516283 19525276 19537785 19547216 19557881 19569067 19581387 19593428 19600392 19615108 19622985 19636351 19646684 19656725 19668458 19679515 19692232 19700326 19715078 19722784 19736772 19746462 19756961 19768104 19782038 19793540 19803410 19815925 19829180 19841727 19850655 19864090 19877030 19888901 19899104 19911848 19925880 19937100 19948224 19960582 19975433 19985420 20001130 20012571 20027459 20039387 20052355 20067718 20078812 20093639 20110434 20122122 20136085 20152662 20166245 20182469 20197978 20214483 20230554 20248289 20264520 20281626 20299770 20318762 20337746 20358924 20380441 20399349 20424306 20450374 20480464 20511573 20549167 20557228 states
 1 119446 230581 336804 446126 544853 657471 761607 870970 974740 1086918 1189888 1300458 1401433 1510742 1609474 1717952 1812790 1920371 2016842 2122910 2222924 2324194 2423247 2525002 2623180 2728284 2827058 2923232 3027554 3126051 3222373 3325604 3423513 3519965 3622481 3715162 3813549 3913602 4009065 4101754 4196687 4297340 4388918 4484432 4576522 4677634 4766455 4864557 4956027 5056623 5142686 5241701 5332066 5433025 5518249 5617490 5714104 5808434 5899982 5992755 6089806 6183927 6277569 6368472 6464463 6558618 6654367 6741234 6838964 6932013 7026584 7115980 7209068 7304367 7399843 7490286 7580102 7672066 7764069 7858162 7945040 8038891 8128764 8222634 8316187 8398144 8489601 8579258 8672679 8766443 8851147 8940829 9030259 9124335 9216677 9298539 9387844 9477293 9568371 9654774 9725082 9790799 9869978 9944601 10024913 10106902 10185774 10260532 10351628 10433280 10510148 10578570 10651206 10727802 10801651 10870135 10962301 11053685 11143331 11221742 11311139 11399725 11489291 11582004 11659472 11750110 11833211 11926970 12014959 12101299 12179741 12270765 12346729 12442813 12533862 12607909 12697920 12779527 12872824 12960535 13046136 13124650 13214401 13302603 13392748 13482556 13557789 13648636 13734872 13824692 13916009 13992115 14079327 14161350 14253762 14346918 14426846 14511141 14593447 14682983 14778277 14860633 14942423 15026577 15114175 15210424 15293813 15374735 15464207 15546544 15643167 15725590 15809297 15898698 15984111 16078858 16157554 16245082 16327414 16423022 16509657 16591310 16681053 16770775 16862034 16946815 17030912 17118636 17210919 17295050 17381432 17465658 17558370 17644290 17726612 17811265 17903973 17989760 18075742 18159314 18249985 18329250 18416678 18510346 18592443 18677690 18766592 18850481 18937165 19030364 19112025 19198308 19288526 19371088 19464458 19548033 19636666 19711527 19783348 19857005 19930620 20002605 20081793 20159730 20238949 20320365 20403823 20494688 20557228 states
Reachable states exploration and model construction done in 3021.934 secs.
Sorting reachable states list...

Time for model construction: 3053.275 seconds.

Type:        CTMC
States:      20557228 (1 initial)
Transitions: 227076001

---------------------------------------------------------------------

Verifying Prob .....

Starting transient probability computation...

Uniformisation: q.t = 1.02 x 1000.0 = 1020.0
Fox-Glynn (1.25E-7): left = 794, right = 1293
Transient probability computation took 1294 iters and 10370.707 seconds.

Time for model checking: 10370.992 seconds.

Result: 0.2154420370229001 (minimum bound)

Result: 0.23724658469270382 (maximum bound)

========================================================================

Property: P=? [ true U[0,1000] (YFP_protein>=30) ]

ProbMin: 0.2154420370229001 (minimum bound)

ProbMax: 0.23724658469270382 (maximum bound)

========================================================================
