========================================================================
Approximation<8> : kappa = 9.999999999999997E-28
========================================================================

---------------------------------------------------------------------

Building model...

Computing reachable states... 720707 724300 728601 732694 738339 744154 749220 754523 761271 768443 773845 780945 788365 794878 802947 812147 818133 826489 831417 838458 844962 853422 862736 872570 882828 893941 905334 920915 941218 942898 944257 944936 945701^[[C^[[C^[[C^[[C 946406 946991 947836 948643 949208 949948 950724 951646 952506 953148 953644 954520 955243 956047 956983 957998 958805 959767 960669 961486 962175 962930 963711 964394 965024 965895 966590 967350 968049 968581 969389 970032 970764 971480 972286 972905 973672 974310 974992 975637 975687 976095 978533 981672 983290 983498 983933 984154 984355 984544 984760 984942 985159 985347 985530 985782 985995 986234 986424 986689 986869 987172 987420 987596 987843 988026 988201 988402 988553 988795 989024 989214 989381 989584 989699 989866 989990 990161 990333 990515 990645 990807 990952 991140 991259 991446 991546 991693 991830 991931 992120 992301 992424 992426 992490 992525 992582 992621 992660 992726 992767 992806 992853 992905 992945 992993 993048 993065 993099 993128 993141 993178 993202 993224 993264 993293 993317 993351 993365 993374 993397 993441 993473 993511 993523 993550 993577 993611 993624 993667 993682 993707 993742 993770 993793 993824 993851 993870 993892 993912 993945 993969 993978 993997 994007 994018 994030 994043 994050 994071 994081 994093 994099 994117 994128 994142 994160 994174 994186 994193 994204 994208 994211 994220 994224 994228 994232 994238 994244 994247 994251 994266 994270 994276 994278 994281 994283 994292 994301 994312 994316 994320 994329 994339 994350 994365 994366 994379 994386 994391 994404 994406 states
 1 8442 82940 160482 234057 303890 376023 436241 447314 453043 503671 565109 625951 688137 749888 802326 866824 926106 988716 994406 states
Reachable states exploration and model construction done in 863.826 secs.
Sorting reachable states list...
Exception in thread "main" java.lang.OutOfMemoryError: Java heap space
	at java.base/java.lang.Double.valueOf(Double.java:530)
	at explicit.Distribution.add(Distribution.java:108)
	at explicit.Distribution.<init>(Distribution.java:87)
	at explicit.DTMCSimple.<init>(DTMCSimple.java:89)
	at explicit.CTMCSimple.<init>(CTMCSimple.java:84)
	at explicit.ConstructModel.constructModel(ConstructModel.java:347)
	at explicit.ConstructModel.constructModel(ConstructModel.java:149)
	at prism.Prism.doBuildModel(Prism.java:2032)
	at prism.Prism.buildModel(Prism.java:1966)
	at stamina.StaminaModelChecker.modelCheckStamina(StaminaModelChecker.java:214)
	at stamina.StaminaCL.run(StaminaCL.java:175)
	at stamina.StaminaCL.main(StaminaCL.java:94)

