STAMINA
=====
Version: 1.1

PRISM
=====

Version: 4.5
Date: Tue May 26 17:37:38 MDT 2020
Hostname: el176-deeplearning
Memory limits: cudd=1g, java(heap)=120g

Type:        CTMC
Modules:     YFP_protein BetI_protein PhlF_protein HlyIIR_protein AmtR_protein Circuit10_10_AmtR_module_sub__pBAD Circuit10_10_AmtR_module_sub__pHlyIIR Circuit10_10_PhIF_module_sub__pAmtR Circuit10_10_PhIF_module_sub__pTac Circuit10_10_BetI_module_sub__pHlyIIR Circuit10_10_BetI_module_sub__pTet Circuit10_10_YFP_module_sub__pBetI Circuit10_10_YFP_module_sub__pPhlF Circuit10_10_HIyIIR_module_sub__pTet Circuit10_10_HIyIIR_module_sub__pBAD reaction_rates 
Variables:   YFP_protein BetI_protein PhlF_protein HlyIIR_protein AmtR_protein Circuit10_10_AmtR_module_sub__pBAD Circuit10_10_AmtR_module_sub__pHlyIIR Circuit10_10_PhIF_module_sub__pAmtR Circuit10_10_PhIF_module_sub__pTac Circuit10_10_BetI_module_sub__pHlyIIR Circuit10_10_BetI_module_sub__pTet Circuit10_10_YFP_module_sub__pBetI Circuit10_10_YFP_module_sub__pPhlF Circuit10_10_HIyIIR_module_sub__pTet Circuit10_10_HIyIIR_module_sub__pBAD 

Generator:   stamina.InfCTMCModelGenerator
Type:        CTMC

========================================================================
Approximation<1> : kappa = 1.0E-30
========================================================================

---------------------------------------------------------------------

Building model...

Warning: Model contains one or more unbounded variables: model construction may not terminate

Computing reachable states...
Warning: Infinite State system: Reachability analysis based on reachabilityThreshold=1.0E-30
 114168 197575 273285 355293 442054 520743 599468 680727 759230 825116 900495 974757 1051451 1131218 1197303 1263406 1339477 1414234 1495393 1572866 1649900 1723351 1795192 1796447 1797782 1799209 1800572 1801937 1803352 1804744 1806200 1807657 1809274 1811061 1812723 1814490 1816390 1818695 1820896 1822840 1824860 1826802 1828949 1831151 1833644 1836142 1838823 1841493 1844432 1848706 1850701 1851056 1851390 1851728 1852054 1852452 1852823 1853209 1853599 1854002 1854401 1854756 1855106 1855452 1855830 1856191 1856602 1856991 1857415 1857801 1858249 1858686 1859100 1859570 1860051 1860575 1861106 1861700 1862322 1862388 1862504 1862618 1862757 1862899 1863063 1863171 1863278 1863413 1863577 1863718 1863853 1863976 1864079 1864213 1864359 1864521 1864667 1864813 1864952 1865067 1865263 1865440 1865607 1865757 1865948 1866164 1866378 1866595 1866673 1866747 1866795 1866863 1866933 1867004 1867086 1867181 1867271 1867363 1867440 1867539 1867609 1867691 1867774 1867878 1867958 1868043 1868125 1868224 1868335 1868456 1868563 1868696 1868810 1868972 1869156 1869288 1869449 1869532 1869599 1869645 1869698 1869732 1869777 1869833 1869899 1869962 1870015 1870068 1870127 1870188 1870260 1870324 1870400 1870490 1870588 1870667 1870769 1870847 1870921 1871007 1871101 1871201 1871279 1871403 1871544 1871682 1871742 1871785 1871848 1871893 1871959 1872023 1872076 1872139 1872192 1872240 1872308 1872370 1872436 1872501 1872556 1872615 1872672 1872714 1872783 1872852 1872931 1873002 1873086 1873180 1873288 1873396 1873521 1873649 1873800 1873867 1873902 1873948 1874006 1874056 1874096 1874140 1874193 1874260 1874305 1874353 1874394 1874450 1874507 1874563 1874626 1874681 1874750 1874826 1874901 1874990 1875079 1875195 1875298 1875394 1875493 1875605 1875725 1875854 1875956 1875999 1876027 1876067 1876123 1876167 1876233 1876272 1876330 1876386 1876434 1876494 1876558 1876624 1876693 1876757 1876831 1876911 1876989 1877063 1877142 1877221 1877284 1877362 1877457 1877545 1877660 1877763 1877893 1878020 1878074 1878125 1878172 1878239 1878296 1878345 1878396 1878432 1878481 1878537 1878599 1878649 1878707 1878776 1878843 1878906 1878962 1879043 1879120 1879191 1879273 1879354 1879412 1879490 1879591 1879685 1879824 1879956 1880100 1880142 1880190 1880249 1880319 1880363 1880410 1880475 1880524 1880577 1880637 1880686 1880745 1880800 1880875 1880939 1880998 1881069 1881128 1881208 1881292 1881375 1881487 1881572 1881681 1881809 1881903 1882028 1882181 1882306 1882372 1882397 1882441 1882487 1882524 1882567 1882610 1882661 1882723 1882786 1882846 1882916 1882964 1883005 1883096 1883148 1883220 1883287 1883360 1883429 1883511 1883608 1883678 1883783 1883865 1883964 1884075 1884171 1884307 1884349 1884390 1884435 1884476 1884534 1884605 1884657 1884692 1884746 1884800 1884854 1884908 1884960 1885033 1885089 1885163 1885226 1885287 1885360 1885422 1885485 1885549 1885652 1885748 1885834 1885936 1886039 1886166 1886258 1886303 1886345 1886408 1886462 1886493 1886547 1886596 1886657 1886701 1886761 1886825 1886880 1886942 1887008 1887066 1887098 1887164 1887228 1887276 1887348 1887441 1887499 1887563 1887643 1887731 1887810 1887907 1888015 1888140 states
 1 155229 302493 453116 600303 744259 881384 1022923 1157284 1295449 1426929 1556296 1694979 1821530 1888140 states
Reachable states exploration and model construction done in 1254.895 secs.
Sorting reachable states list...

Time for model construction: 1256.446 seconds.

Type:        CTMC
States:      1888140 (1 initial)
Transitions: 14384940

---------------------------------------------------------------------

Verifying Prob .....

Starting transient probability computation...

Uniformisation: q.t = 1.02 x 1000.0 = 1020.0
Fox-Glynn (1.25E-7): left = 794, right = 1293
Transient probability computation took 1294 iters and 621.753 seconds.

Time for model checking: 621.845 seconds.

Result: 0.6946685898774717 (minimum bound)

Result: 0.6946690057334075 (maximum bound)

========================================================================

Property: P=? [ true U[0,1000] (YFP_protein>=30) ]

ProbMin: 0.6946685898774717 (minimum bound)

ProbMax: 0.6946690057334075 (maximum bound)

========================================================================
